000001 平安银行 日线 不复权
      日期	    开盘	    最高	    最低	    收盘	    成交量	    成交额
2018/01/02	13.35	13.93	13.32	13.70	208159200	2856542976.00
2018/01/03	13.73	13.86	13.20	13.33	296249792	4006220032.00
2018/01/04	13.32	13.37	13.13	13.25	185450896	2454543104.00
2018/01/05	13.21	13.35	13.15	13.30	121031200	1603288960.00
2018/01/08	13.25	13.29	12.86	12.96	215862000	2806098944.00
2018/01/09	12.96	13.20	12.92	13.08	134434496	1754315008.00
2018/01/10	13.04	13.49	12.92	13.47	240327696	3196055040.00
2018/01/11	13.41	13.59	13.27	13.40	144387696	1937494016.00
2018/01/12	13.45	13.68	13.41	13.55	135399104	1833435008.00
2018/01/15	13.51	14.33	13.50	14.20	312239392	4376707072.00
2018/01/16	14.17	14.38	14.02	14.20	244454896	3479175936.00
2018/01/17	14.33	14.80	14.20	14.23	265629408	3849312000.00
2018/01/18	14.40	14.72	14.28	14.72	214802592	3120454912.00
2018/01/19	14.80	15.13	14.68	14.80	257114592	3832857088.00
2018/01/22	14.60	14.94	14.43	14.44	207386704	3032797952.00
2018/01/23	14.36	14.90	14.33	14.65	238879104	3492462080.00
2018/01/24	14.66	15.08	14.50	14.64	259129200	3838734080.00
2018/01/25	14.45	14.47	14.00	14.20	236998400	3360822016.00
2018/01/26	14.18	14.34	14.02	14.05	203298800	2885104128.00
2018/01/29	14.05	14.25	13.60	13.74	209054592	2911451904.00
2018/01/30	13.70	13.84	13.55	13.65	109473904	1497708032.00
2018/01/31	13.60	14.05	13.53	14.05	174772896	2423104000.00
2018/02/01	13.95	14.30	13.84	14.03	200561408	2821583104.00
2018/02/02	13.91	14.10	13.63	14.05	117651200	1637618944.00
2018/02/05	13.80	14.57	13.73	14.55	233199696	3326354944.00
2018/02/06	14.23	14.33	13.93	14.00	258287200	3641294080.00
2018/02/07	14.22	14.30	12.76	12.92	334571584	4521586176.00
2018/02/08	12.83	12.92	12.53	12.54	213781504	2711463936.00
2018/02/09	12.08	12.08	11.38	11.69	282494912	3308552960.00
2018/02/12	11.78	11.84	11.56	11.72	122878200	1439644032.00
2018/02/13	11.87	12.21	11.84	11.94	129817800	1562418944.00
2018/02/14	11.96	12.03	11.76	12.00	86419000	1030473984.00
2018/02/22	12.25	12.53	12.25	12.46	126840600	1573561984.00
2018/02/23	12.58	12.79	12.45	12.61	101366304	1278184960.00
2018/02/26	12.77	12.85	12.45	12.63	104575800	1318960000.00
2018/02/27	12.64	12.70	12.19	12.28	128586896	1590018048.00
2018/02/28	12.10	12.19	11.93	12.05	121414496	1463313024.00
2018/03/01	11.92	12.15	11.90	12.04	88695696	1069353984.00
2018/03/02	11.92	12.04	11.85	11.95	66312400	791736000.00
2018/03/05	11.93	12.08	11.80	11.86	75418304	897244032.00
2018/03/06	11.95	12.11	11.77	12.10	115016200	1373437952.00
2018/03/07	12.15	12.34	12.04	12.05	142756992	1744084992.00
2018/03/08	12.05	12.15	11.95	12.11	68975504	832153024.00
2018/03/09	12.15	12.20	11.98	12.09	94387600	1139042944.00
2018/03/12	12.15	12.17	11.95	12.03	126870096	1526642944.00
2018/03/13	12.04	12.22	12.00	12.02	108226704	1309543040.00
2018/03/14	11.98	12.00	11.83	11.92	63559400	757089984.00
2018/03/15	11.79	11.85	11.66	11.71	115569400	1356877952.00
2018/03/16	11.72	11.85	11.64	11.64	96298304	1130784000.00
2018/03/19	11.66	11.84	11.61	11.83	80853800	947664000.00
2018/03/20	11.74	11.88	11.72	11.82	77615000	916857984.00
2018/03/21	11.95	12.12	11.85	11.90	144510896	1736436992.00
2018/03/22	11.90	11.97	11.62	11.66	98427800	1155741056.00
2018/03/23	11.25	11.35	10.92	11.34	182568992	2037734016.00
2018/03/26	11.15	11.20	10.86	10.93	138359808	1519435008.00
2018/03/27	11.10	11.17	10.86	10.94	110393296	1213988992.00
2018/03/28	10.85	11.14	10.79	10.89	109902304	1201022976.00
2018/03/29	10.92	11.17	10.55	11.05	133060200	1445281024.00
2018/03/30	11.04	11.05	10.88	10.90	75217296	823438016.00
2018/04/02	10.87	10.99	10.70	10.71	110931600	1200912000.00
2018/04/03	10.60	10.67	10.51	10.56	89074496	942236992.00
2018/04/04	10.68	11.01	10.60	10.87	160248800	1737257984.00
2018/04/09	10.80	11.10	10.73	11.02	107479504	1180083968.00
2018/04/10	11.02	11.46	10.97	11.42	139095008	1562264960.00
2018/04/11	11.39	11.92	11.38	11.83	209596992	2458981888.00
2018/04/12	11.80	11.83	11.42	11.52	117312800	1364674944.00
2018/04/13	11.64	11.79	11.45	11.57	130025504	1516155008.00
2018/04/16	11.47	11.47	11.03	11.10	142707200	1593705984.00
2018/04/17	11.12	11.45	11.11	11.21	130189104	1468158976.00
2018/04/18	11.45	11.61	11.28	11.50	147584496	1692722048.00
2018/04/19	11.52	11.69	11.42	11.47	84913104	979593024.00
2018/04/20	11.51	11.58	11.20	11.35	95869000	1090801024.00
2018/04/23	11.30	11.61	11.26	11.57	107028896	1228544000.00
2018/04/24	11.63	11.94	11.58	11.86	146109792	1725152000.00
2018/04/25	11.76	11.81	11.63	11.68	73028600	854713024.00
2018/04/26	11.66	11.69	11.31	11.42	87423504	1002483008.00
2018/04/27	11.49	11.51	10.63	10.85	270979488	2958464000.00
2018/05/02	10.97	11.03	10.80	10.88	119052304	1295804032.00
2018/05/03	10.86	10.88	10.57	10.75	128135504	1372765056.00
2018/05/04	10.73	10.83	10.66	10.68	71050896	761302016.00
2018/05/07	10.70	10.83	10.64	10.81	97430896	1046742976.00
2018/05/08	10.83	11.15	10.80	11.01	137330496	1511545984.00
2018/05/09	10.98	11.03	10.88	10.97	62765600	687036032.00
2018/05/10	11.03	11.09	10.91	11.01	55273500	607350016.00
2018/05/11	11.04	11.13	10.96	11.01	77236896	853270976.00
2018/05/14	11.09	11.23	11.03	11.18	103929696	1158064000.00
2018/05/15	11.18	11.19	11.02	11.12	66926100	742590016.00
2018/05/16	11.07	11.07	10.89	10.90	71436200	782694016.00
2018/05/17	10.91	10.94	10.78	10.82	58649400	635675008.00
2018/05/18	10.81	10.97	10.76	10.96	57838400	628249984.00
2018/05/21	11.07	11.11	10.93	10.95	76353296	838750016.00
2018/05/22	10.95	10.98	10.79	10.86	58987100	639814976.00
2018/05/23	10.82	10.82	10.62	10.65	99101600	1058587008.00
2018/05/24	10.66	10.68	10.58	10.61	68815200	730678016.00
2018/05/25	10.61	10.67	10.55	10.59	59333500	629734976.00
2018/05/28	10.58	10.66	10.51	10.59	56940000	602590016.00
2018/05/29	10.58	10.63	10.35	10.38	88949400	930385984.00
2018/05/30	10.29	10.29	10.05	10.08	112444704	1139917952.00
2018/05/31	10.11	10.19	10.02	10.18	98736000	999216000.00
2018/06/01	10.15	10.29	10.07	10.19	59721100	608398016.00
2018/06/04	10.23	10.31	10.15	10.27	59303800	608291008.00
2018/06/05	10.29	10.30	10.11	10.26	65654000	670739968.00
2018/06/06	10.25	10.26	10.10	10.14	71274304	724032000.00
2018/06/07	10.20	10.46	10.18	10.37	126263820	1306425472.00
2018/06/08	10.33	10.33	10.06	10.12	109937982	1114968832.00
2018/06/11	10.06	10.13	10.00	10.04	72137498	724688000.00
2018/06/12	10.03	10.08	9.95	10.06	91330072	914001728.00
2018/06/13	10.04	10.06	9.95	9.95	53058431	530483744.00
2018/06/14	9.95	10.15	9.92	10.07	86639201	872487552.00
2018/06/15	10.08	10.29	10.06	10.17	124870788	1273412992.00
2018/06/19	10.05	10.15	9.82	9.87	156587447	1565756544.00
2018/06/20	9.87	9.95	9.76	9.91	76363731	752950720.00
2018/06/21	9.93	10.04	9.86	9.86	84007077	836014848.00
2018/06/22	9.80	9.87	9.77	9.85	65781851	645752896.00
2018/06/25	9.91	9.92	9.38	9.46	119521260	1154559104.00
2018/06/26	9.39	9.44	9.09	9.36	112415694	1042528512.00
2018/06/27	9.31	9.40	9.03	9.09	104514268	958871680.00
2018/06/28	8.95	9.08	8.87	8.92	111076403	996801216.00
2018/06/29	9.01	9.13	8.96	9.09	67529968	611346112.00
2018/07/02	9.05	9.05	8.55	8.61	131552013	1158545920.00
2018/07/03	8.69	8.70	8.45	8.67	127483857	1096657024.00
2018/07/04	8.63	8.75	8.61	8.61	71115337	617278528.00
2018/07/05	8.62	8.73	8.55	8.60	83576877	722169600.00
2018/07/06	8.61	8.78	8.45	8.66	98828269	852071552.00
2018/07/09	8.69	9.03	8.68	9.03	140995460	1255007616.00
2018/07/10	9.02	9.02	8.89	8.98	89686202	803038976.00
2018/07/11	8.76	8.83	8.68	8.78	85129670	744765824.00
2018/07/12	8.60	8.97	8.58	8.88	114049231	1008658816.00
2018/07/13	8.92	8.94	8.82	8.88	60337821	535401184.00
2018/07/16	8.85	8.90	8.69	8.73	68984558	603427712.00
2018/07/17	8.74	8.75	8.66	8.72	37535633	326396992.00
2018/07/18	8.75	8.85	8.69	8.70	52515277	460697376.00
2018/07/19	8.75	8.81	8.69	8.73	46137239	403674304.00
2018/07/20	8.73	9.20	8.61	9.11	175427740	1576843904.00
2018/07/23	9.04	9.45	9.00	9.42	178168826	1646028032.00
2018/07/24	9.39	9.59	9.33	9.40	142589416	1348746880.00
2018/07/25	9.44	9.47	9.33	9.38	61412281	575752192.00
2018/07/26	9.40	9.48	9.21	9.25	83335815	778429760.00
2018/07/27	9.30	9.36	9.18	9.25	51512603	477527424.00
2018/07/30	9.32	9.49	9.26	9.39	70638597	661767552.00
2018/07/31	9.37	9.49	9.25	9.42	72015080	674484672.00
2018/08/01	9.42	9.50	9.11	9.15	81408168	759282240.00
2018/08/02	9.13	9.15	8.88	8.94	93140128	839272256.00
2018/08/03	8.93	9.10	8.91	8.91	47654662	428641536.00
2018/08/06	8.94	9.11	8.89	8.94	55401008	497906688.00
2018/08/07	8.96	9.17	8.88	9.17	69042319	624359680.00
2018/08/08	9.16	9.16	9.04	9.05	57895316	527526976.00
2018/08/09	9.04	9.35	9.02	9.29	80678377	746469824.00
2018/08/10	9.30	9.32	9.16	9.23	42416836	391366336.00
2018/08/13	9.12	9.16	8.90	9.05	81849112	736947776.00
2018/08/14	9.03	9.04	8.94	9.00	43024036	386334624.00
2018/08/15	9.02	9.02	8.75	8.79	67044285	594759488.00
2018/08/16	8.73	8.89	8.64	8.78	63827255	559523136.00
2018/08/17	8.88	8.94	8.78	8.81	64947656	576683264.00
2018/08/20	8.90	9.02	8.87	9.00	68132206	609934720.00
2018/08/21	9.02	9.26	9.01	9.23	126447447	1163292800.00
2018/08/22	9.24	9.34	9.13	9.29	98243398	909598720.00
2018/08/23	9.30	9.42	9.23	9.36	72907462	680941376.00
2018/08/24	9.31	10.28	9.29	10.03	304040839	2995072000.00
2018/08/27	10.02	10.43	9.97	10.43	221842422	2251527680.00
2018/08/28	10.34	10.43	10.24	10.29	128977724	1331917824.00
2018/08/29	10.25	10.33	10.15	10.27	90188349	923581568.00
2018/08/30	10.27	10.35	10.08	10.12	99491773	1013877504.00
2018/08/31	10.13	10.32	10.10	10.13	131086524	1337898880.00
2018/09/03	10.09	10.30	10.09	10.19	71169567	725303296.00
2018/09/04	10.20	10.55	10.07	10.43	129634208	1339756544.00
2018/09/05	10.30	10.33	10.05	10.05	117945317	1202345728.00
2018/09/06	10.05	10.14	9.95	9.97	71177755	713975744.00
2018/09/07	10.04	10.18	9.93	10.01	80903534	815151744.00
2018/09/10	10.01	10.07	9.84	9.88	63698929	631174144.00
2018/09/11	9.90	10.03	9.81	9.91	71296751	707337600.00
2018/09/12	9.87	9.97	9.82	9.88	56482916	558399552.00
2018/09/13	10.09	10.10	9.84	9.96	99972561	993389952.00
2018/09/14	9.98	9.98	9.81	9.84	61975019	611422464.00
2018/09/17	9.80	9.80	9.68	9.69	51708233	502609632.00
2018/09/18	9.73	10.12	9.70	10.08	112680742	1120867584.00
2018/09/19	10.03	10.34	10.03	10.24	123154877	1257191552.00
2018/09/20	10.27	10.36	10.19	10.23	62034836	636742784.00
2018/09/21	10.26	10.70	10.18	10.67	162451841	1707850496.00
2018/09/25	10.52	10.68	10.48	10.55	97701470	1030715776.00
2018/09/26	10.61	10.92	10.52	10.71	149051343	1600626176.00
2018/09/27	10.65	10.84	10.57	10.74	88036333	942200384.00
2018/09/28	10.78	11.27	10.78	11.05	211024267	2331358208.00
2018/10/08	10.70	10.79	10.45	10.45	168635852	1793455232.00
2018/10/09	10.46	10.70	10.39	10.56	106408426	1117946496.00
2018/10/10	10.54	10.66	10.38	10.45	99520008	1045666176.00
2018/10/11	10.05	10.16	9.70	9.86	199514383	1994186624.00
2018/10/12	9.97	10.34	9.87	10.30	151681028	1532651392.00
2018/10/15	10.39	10.47	10.09	10.11	140268530	1443043072.00
2018/10/16	10.14	10.54	10.12	10.37	139692105	1450020352.00
2018/10/17	10.50	10.55	10.14	10.33	135088983	1400306304.00
2018/10/18	10.29	10.29	10.06	10.09	100115605	1015654848.00
2018/10/19	9.95	10.78	9.92	10.76	208366732	2173571328.00
2018/10/22	10.81	11.46	10.78	11.15	264554312	2932714496.00
2018/10/23	11.20	11.22	10.73	10.84	160254592	1759265920.00
2018/10/24	10.90	11.33	10.80	11.04	182942464	2026171904.00
2018/10/25	10.80	11.29	10.71	11.29	168501136	1855823744.00
2018/10/26	11.29	11.31	10.96	11.18	129997510	1448843520.00
2018/10/29	11.20	11.24	10.62	10.75	159162878	1725932544.00
2018/10/30	10.78	11.08	10.73	10.90	150182786	1641371776.00
2018/10/31	10.95	10.99	10.75	10.91	115268379	1252156800.00
2018/11/01	10.99	11.05	10.76	10.83	154277632	1679443456.00
2018/11/02	11.04	11.16	10.83	11.09	221292287	2439179008.00
2018/11/05	10.95	11.04	10.82	10.92	129192417	1409457152.00
2018/11/06	10.87	10.93	10.73	10.84	73572574	795322624.00
2018/11/07	10.83	10.95	10.75	10.81	78559741	851487040.00
2018/11/08	10.88	10.97	10.82	10.89	79397600	864744256.00
2018/11/09	10.71	10.73	10.40	10.55	162926917	1716198400.00
2018/11/12	10.46	10.58	10.38	10.56	92033388	965756480.00
2018/11/13	10.41	10.65	10.38	10.54	107249762	1126736128.00
2018/11/14	10.53	10.55	10.42	10.44	77423985	810357760.00
2018/11/15	10.44	10.64	10.42	10.62	90146198	949991808.00
2018/11/16	10.61	10.72	10.49	10.57	105959259	1123173248.00
2018/11/19	10.57	10.88	10.57	10.85	136088709	1466899456.00
2018/11/20	10.75	10.80	10.52	10.57	103387753	1099654656.00
2018/11/21	10.50	10.67	10.48	10.61	66615733	705638336.00
2018/11/22	10.67	10.67	10.48	10.55	50026785	527103296.00
2018/11/23	10.53	10.58	10.31	10.32	70035815	730667648.00
2018/11/26	10.34	10.46	10.30	10.34	51656911	535963328.00
2018/11/27	10.35	10.39	10.16	10.18	73344838	752824128.00
2018/11/28	10.17	10.31	10.16	10.28	53775145	550820224.00
2018/11/29	10.35	10.39	10.19	10.20	48528405	499068832.00
2018/11/30	10.22	10.36	10.17	10.36	59471532	610571520.00
2018/12/03	10.59	10.66	10.47	10.59	106409717	1126374784.00
2018/12/04	10.57	10.62	10.53	10.59	53481305	565743744.00
2018/12/05	10.49	10.51	10.40	10.45	58154527	608133312.00
2018/12/06	10.36	10.37	10.23	10.25	57886648	594649664.00
2018/12/07	10.30	10.39	10.27	10.28	34021615	351101376.00
2018/12/10	10.22	10.27	10.13	10.17	49481887	504040640.00
2018/12/11	10.21	10.26	10.17	10.23	29908962	305389216.00
2018/12/12	10.30	10.32	10.20	10.24	36637903	375402848.00
2018/12/13	10.25	10.48	10.20	10.39	79084521	819920704.00
2018/12/14	10.34	10.35	10.16	10.17	52667513	539263040.00
2018/12/17	10.16	10.33	10.10	10.29	57127487	584679488.00
2018/12/18	10.20	10.32	10.10	10.12	53774430	547157568.00
2018/12/19	10.14	10.18	9.90	9.94	59800701	600090176.00
2018/12/20	9.92	9.97	9.63	9.71	99028479	964202880.00
2018/12/21	9.68	9.70	9.33	9.45	100061676	944460352.00
2018/12/24	9.40	9.45	9.31	9.42	50911767	477186912.00
2018/12/25	9.29	9.43	9.21	9.34	58661545	545235584.00
2018/12/26	9.35	9.42	9.27	9.30	42114060	393215136.00
2018/12/27	9.45	9.49	9.28	9.28	62459327	586343744.00
2018/12/28	9.31	9.46	9.31	9.38	57660400	541571008.00
2019/01/02	9.39	9.42	9.16	9.19	53938632	498695104.00
2019/01/03	9.18	9.33	9.15	9.28	41553795	384457696.00
2019/01/04	9.24	9.82	9.22	9.75	148115906	1422149888.00
2019/01/07	9.84	9.85	9.63	9.74	86568766	841166400.00
2019/01/08	9.73	9.74	9.62	9.66	40238811	389247808.00
2019/01/09	9.74	10.08	9.70	9.94	123348636	1229465088.00
2019/01/10	9.87	10.20	9.86	10.10	107181766	1079710976.00
2019/01/11	10.11	10.22	10.05	10.20	69636455	708001792.00
2019/01/14	10.22	10.25	10.07	10.11	50044359	507862880.00
2019/01/15	10.11	10.28	10.09	10.24	54216055	553027328.00
2019/01/16	10.24	10.50	10.23	10.48	97769937	1017495104.00
2019/01/17	10.54	10.57	10.17	10.25	88281192	910212096.00
2019/01/18	10.34	10.49	10.28	10.43	73879326	769973632.00
2019/01/21	10.34	10.47	10.32	10.34	65935576	684465664.00
2019/01/22	10.34	10.44	10.26	10.28	42441357	438991456.00
2019/01/23	10.29	10.47	10.29	10.35	53787663	559384384.00
2019/01/24	10.40	10.55	10.37	10.52	67924088	711495744.00
2019/01/25	10.56	11.04	10.55	11.00	210836185	2299718144.00
2019/01/28	11.04	11.14	10.88	10.94	103590980	1141853824.00
2019/01/29	10.96	11.07	10.77	11.00	82663110	904847872.00
2019/01/30	10.95	11.18	10.86	10.95	71200101	785204544.00
2019/01/31	10.98	11.20	10.94	11.10	83162275	922602880.00
2019/02/01	11.20	11.25	10.96	11.20	101427007	1127216128.00
2019/02/11	11.08	11.21	10.97	11.21	80193663	889951552.00
2019/02/12	11.20	11.31	11.03	11.19	95993690	1071873088.00
2019/02/13	11.19	11.41	11.12	11.38	113736574	1280182144.00
2019/02/14	11.30	11.33	11.19	11.25	86918519	977818112.00
2019/02/15	11.23	11.23	10.90	10.95	110012746	1213914368.00
2019/02/18	11.05	11.36	11.04	11.36	125552221	1408279680.00
2019/02/19	11.36	11.62	11.24	11.27	127088204	1445281408.00
2019/02/20	11.33	11.53	11.25	11.41	83262987	949430848.00
2019/02/21	11.38	11.55	11.28	11.36	75424648	860591040.00
2019/02/22	11.35	11.57	11.15	11.54	118404779	1343020288.00
2019/02/25	11.70	12.64	11.57	12.55	282493502	3415946752.00
2019/02/26	12.55	12.57	12.15	12.20	201754493	2485673472.00
2019/02/27	12.24	12.66	12.15	12.40	197901388	2454404352.00
2019/02/28	12.44	12.61	12.27	12.36	111309980	1383110784.00
2019/03/01	12.48	12.78	12.20	12.76	171267916	2137669504.00
2019/03/04	12.70	13.38	12.62	12.99	245683039	3195011584.00
2019/03/05	12.91	13.29	12.84	13.06	140842222	1838251648.00
2019/03/06	13.06	13.15	12.84	13.08	124576020	1614670976.00
2019/03/07	13.06	13.06	12.55	12.74	178205731	2274150912.00
2019/03/08	12.49	12.70	12.25	12.30	177816210	2214572544.00
2019/03/11	12.30	12.49	12.05	12.32	115765077	1416000384.00
2019/03/12	12.49	12.64	12.24	12.36	141179492	1757797248.00
2019/03/13	12.34	12.55	12.13	12.37	126942716	1568387584.00
2019/03/14	12.33	12.62	12.27	12.43	105746790	1316372864.00
2019/03/15	12.34	12.68	12.34	12.50	104540603	1311323008.00
2019/03/18	12.53	12.94	12.32	12.91	148645480	1882483584.00
2019/03/19	12.92	12.94	12.61	12.79	95719646	1221118336.00
2019/03/20	12.68	12.88	12.62	12.75	92999638	1185477120.00
2019/03/21	12.77	12.80	12.58	12.69	86014080	1092506496.00
2019/03/22	12.69	12.74	12.50	12.59	71350206	898629440.00
2019/03/25	12.40	12.40	12.10	12.11	117988326	1445560192.00
2019/03/26	12.23	12.29	12.01	12.10	93539327	1136721280.00
2019/03/27	12.24	12.47	12.18	12.38	92282680	1138302720.00
2019/03/28	12.31	12.31	12.10	12.22	73246744	892530624.00
2019/03/29	12.26	12.82	12.21	12.82	166950647	2108295424.00
2019/04/01	12.83	13.55	12.83	13.18	195140119	2588268544.00
2019/04/02	13.28	13.48	13.23	13.36	110038404	1466040960.00
2019/04/03	13.21	13.45	13.15	13.44	79291579	1056166208.00
2019/04/04	13.43	14.00	13.43	13.86	203436500	2796366336.00
2019/04/08	13.90	14.43	13.72	13.96	174317620	2464536320.00
2019/04/09	13.87	13.98	13.75	13.81	78133238	1080549248.00
2019/04/10	13.75	13.88	13.40	13.73	94713506	1289475584.00
2019/04/11	13.73	13.96	13.49	13.54	65535662	897382208.00
2019/04/12	13.49	13.59	13.21	13.42	77432464	1035139648.00
2019/04/15	13.72	14.09	13.66	13.69	153389068	2134708992.00
2019/04/16	13.67	14.58	13.55	14.58	237937518	3379550208.00
2019/04/17	14.42	14.59	14.23	14.35	100410987	1443493504.00
2019/04/18	14.30	14.37	14.11	14.34	50704530	721908800.00
2019/04/19	14.45	14.80	14.30	14.73	124603609	1814875904.00
2019/04/22	14.60	14.84	14.08	14.15	132227390	1899849984.00
2019/04/23	14.10	14.20	13.97	14.07	94068734	1326465664.00
2019/04/24	14.45	14.60	14.16	14.44	194972363	2811131136.00
2019/04/25	14.38	14.64	14.13	14.13	111147637	1597895168.00
2019/04/26	14.08	14.25	13.70	13.79	100942124	1407987328.00
2019/04/29	13.90	14.33	13.86	14.10	103069575	1450714112.00
2019/04/30	13.99	14.05	13.59	13.85	111657027	1542958592.00
2019/05/06	13.10	13.35	12.71	12.87	210866784	2742409472.00
2019/05/07	13.03	13.09	12.72	12.95	107265841	1386247040.00
2019/05/08	12.72	12.91	12.50	12.60	97545081	1236656000.00
2019/05/09	12.52	12.58	12.05	12.16	155715161	1904905472.00
2019/05/10	12.34	12.75	12.10	12.68	119239908	1489975680.00
2019/05/13	12.33	12.54	12.23	12.30	74191779	916213696.00
2019/05/14	12.20	12.75	12.16	12.49	118259819	1477008384.00
2019/05/15	12.58	13.11	12.57	12.92	110398851	1417050112.00
2019/05/16	12.93	12.99	12.78	12.85	63490143	816740928.00
2019/05/17	12.92	12.93	12.36	12.44	96500085	1208569856.00
2019/05/20	12.35	12.54	12.25	12.38	78643518	971222464.00
2019/05/21	12.40	12.73	12.36	12.56	73121051	919191232.00
2019/05/22	12.57	12.57	12.32	12.40	50623072	628437440.00
2019/05/23	12.24	12.42	12.14	12.29	66685543	817850560.00
2019/05/24	12.35	12.45	12.31	12.35	49552620	613106240.00
2019/05/27	12.21	12.42	11.93	12.37	104842598	1275632768.00
2019/05/28	12.31	12.55	12.26	12.49	88070312	1094063232.00
2019/05/29	12.36	12.59	12.26	12.40	66641150	827828672.00
2019/05/30	12.32	12.38	12.11	12.22	64628465	787801024.00
2019/05/31	12.16	12.40	12.11	12.18	68679439	839375680.00
2019/06/03	12.22	12.33	11.82	11.90	151271905	1816591872.00
2019/06/04	11.89	11.94	11.60	11.85	97465534	1147709568.00
2019/06/05	11.97	12.14	11.92	11.97	74889231	899331712.00
2019/06/06	11.97	12.07	11.89	11.92	43366526	519425120.00
2019/06/10	12.01	12.47	11.98	12.34	114466882	1404223616.00
2019/06/11	12.34	12.72	12.30	12.65	125108751	1574105216.00
2019/06/12	12.63	12.66	12.44	12.57	65731018	825177984.00
2019/06/13	12.54	12.68	12.43	12.59	53000026	666277696.00
2019/06/14	12.59	12.69	12.45	12.49	48319173	606815232.00
2019/06/17	12.48	12.79	12.48	12.67	61981588	786223552.00
2019/06/18	12.67	12.85	12.59	12.80	48355512	616237568.00
2019/06/19	13.29	13.39	13.01	13.07	114322639	1504997888.00
2019/06/20	13.17	13.95	13.12	13.80	152919147	2083209216.00
2019/06/21	13.76	13.87	13.58	13.64	101112915	1384099584.00
2019/06/24	13.69	13.83	13.61	13.69	65957285	904433344.00
2019/06/25	13.72	13.72	13.07	13.43	146922707	1954855808.00
2019/06/26	13.27	13.50	13.19	13.37	54650476	731207296.00
2019/06/27	13.50	13.85	13.45	13.71	92507494	1270042496.00
2019/06/28	13.73	13.79	13.58	13.78	49809369	682680000.00
2019/07/01	14.01	14.18	13.87	13.93	96063600	1347792896.00
2019/07/02	13.88	14.24	13.86	14.18	105274486	1481211392.00
2019/07/03	14.18	14.21	13.87	14.01	76907849	1076744448.00
2019/07/04	14.01	14.28	13.88	13.99	62129252	873624256.00
2019/07/05	13.95	13.98	13.69	13.92	74919609	1037357184.00
2019/07/08	13.82	13.88	13.45	13.59	77841390	1061095744.00
2019/07/09	13.63	13.71	13.44	13.59	49429611	670391744.00
2019/07/10	13.61	13.70	13.49	13.56	35822079	487071872.00
2019/07/11	13.68	13.78	13.53	13.54	48418314	660588288.00
2019/07/12	13.60	14.23	13.58	14.12	146536652	2055749888.00
2019/07/15	14.03	14.12	13.84	14.00	84128276	1175798144.00
2019/07/16	13.97	13.99	13.71	13.75	72278079	998151552.00
2019/07/17	13.70	13.81	13.61	13.69	41002063	561944448.00
2019/07/18	13.65	13.81	13.56	13.67	42282622	578067456.00
2019/07/19	13.74	14.08	13.68	13.99	86639070	1207316480.00
2019/07/22	13.96	14.02	13.76	13.85	58228330	807249408.00
2019/07/23	13.86	13.87	13.65	13.76	50400423	692328448.00
2019/07/24	13.87	14.01	13.79	13.88	57027622	793387776.00
2019/07/25	13.92	14.27	13.85	14.20	108782641	1534889600.00
2019/07/26	14.18	14.25	14.08	14.23	63530571	901074112.00
2019/07/29	14.25	14.45	14.18	14.29	71557619	1023261760.00
2019/07/30	14.31	14.55	14.29	14.37	79663432	1148582400.00
2019/07/31	14.30	14.32	14.08	14.13	63472348	899227840.00
2019/08/01	14.06	14.19	13.94	14.10	52798128	742308288.00
2019/08/02	13.77	13.88	13.66	13.74	96992646	1333400832.00
2019/08/05	13.60	13.64	13.27	13.35	89308242	1201885440.00
2019/08/06	13.10	13.46	13.03	13.37	88249913	1166971520.00
2019/08/07	13.49	13.64	13.37	13.54	79303899	1070736960.00
2019/08/08	13.90	14.50	13.85	14.38	233071504	3313302016.00
2019/08/09	14.55	14.85	14.43	14.52	206057513	3021884416.00
2019/08/12	14.61	15.12	14.60	15.12	273342547	4084497920.00
2019/08/13	15.00	15.08	14.74	14.89	129373644	1925835264.00
2019/08/14	15.14	15.22	14.80	14.97	136054654	2038261120.00
2019/08/15	14.64	14.96	14.60	14.94	89737626	1333117696.00
2019/08/16	15.09	15.14	14.78	14.90	98690293	1474900224.00
2019/08/19	14.91	14.94	14.52	14.92	229295613	3368207872.00
2019/08/20	14.92	15.20	14.77	14.99	192104150	2872304128.00
2019/08/21	14.87	14.89	14.38	14.45	199013195	2902251008.00
2019/08/22	14.40	14.45	14.20	14.31	135307158	1935208448.00
2019/08/23	14.37	14.74	14.35	14.65	163686768	2388239104.00
2019/08/26	14.42	14.50	14.15	14.25	141512254	2018498048.00
2019/08/27	14.36	14.48	14.24	14.31	135671337	1948127104.00
2019/08/28	14.26	14.28	14.05	14.27	82965768	1176329088.00
2019/08/29	14.22	14.24	14.08	14.13	60903434	861177472.00
2019/08/30	14.29	14.39	14.10	14.16	79850057	1136119680.00
2019/09/02	14.15	14.50	14.11	14.45	136020130	1955673088.00
2019/09/03	14.48	14.51	14.25	14.30	85865365	1230606464.00
2019/09/04	14.32	14.50	14.31	14.44	97396487	1404037248.00
2019/09/05	14.56	14.85	14.55	14.58	176805143	2599478272.00
2019/09/06	14.71	14.81	14.62	14.81	98643280	1451264896.00
2019/09/09	14.98	15.00	14.60	14.69	129983914	1918042240.00
2019/09/10	14.60	14.64	14.41	14.55	79687064	1155180800.00
2019/09/11	14.60	14.71	14.46	14.56	81861421	1192674304.00
2019/09/12	14.66	14.78	14.53	14.68	115068764	1682911872.00
2019/09/16	14.70	14.72	14.40	14.45	92989414	1349401472.00
2019/09/17	14.36	14.45	14.18	14.24	88265575	1261416576.00
2019/09/18	14.24	14.48	14.24	14.41	82043633	1179079936.00
2019/09/19	14.48	14.89	14.48	14.84	188402083	2777383424.00
2019/09/20	14.95	15.40	14.93	15.34	264428514	4020646400.00
2019/09/23	15.34	15.47	15.18	15.38	140328200	2148740352.00
2019/09/24	15.47	15.54	15.18	15.18	112910324	1726238336.00
2019/09/25	15.20	15.85	15.19	15.75	193889272	3024599040.00
2019/09/26	15.86	16.04	15.66	15.71	168659258	2673096960.00
2019/09/27	15.85	16.00	15.70	15.90	100770627	1598567040.00
2019/09/30	15.75	15.89	15.57	15.59	104636317	1645828480.00
2019/10/08	15.60	16.23	15.60	16.20	138667636	2225024512.00
2019/10/09	16.10	16.52	16.02	16.25	131669341	2145061760.00
2019/10/10	16.27	16.27	15.99	16.24	87974662	1418751872.00
2019/10/11	16.20	16.95	16.20	16.81	140542282	2335030528.00
2019/10/14	16.97	17.60	16.92	17.22	155763745	2688929536.00
2019/10/15	17.25	17.35	16.82	17.18	88195542	1503633408.00
2019/10/16	17.26	17.44	16.63	16.79	126767121	2146150656.00
2019/10/17	16.90	17.00	16.55	16.70	112618222	1887045632.00
2019/10/18	16.80	17.04	16.43	16.51	119679914	1999012608.00
2019/10/21	16.43	16.97	16.43	16.89	94595225	1589276032.00
2019/10/22	16.91	16.93	16.03	16.42	188353143	3072547072.00
2019/10/23	16.32	16.67	16.23	16.45	96753459	1590781952.00
2019/10/24	16.50	17.00	16.44	16.87	110921477	1861032960.00
2019/10/25	16.78	16.96	16.58	16.88	69143576	1161100032.00
2019/10/28	16.98	17.04	16.48	16.66	107013113	1780873344.00
2019/10/29	16.69	16.93	16.56	16.91	78886473	1322036352.00
2019/10/30	16.80	16.96	16.42	16.43	85431717	1420644992.00
2019/10/31	16.42	16.47	16.24	16.26	86256930	1407006464.00
2019/11/01	16.35	17.00	16.28	16.86	125465544	2096068992.00
2019/11/04	16.98	17.25	16.77	16.92	88982425	1507910784.00
2019/11/05	16.80	17.44	16.79	17.15	117248589	2010924160.00
2019/11/06	17.06	17.26	16.88	16.96	86332536	1470233472.00
2019/11/07	16.93	17.07	16.75	16.89	71189699	1200671616.00
2019/11/08	16.98	17.02	16.64	16.65	84913924	1421088384.00
2019/11/11	16.50	16.53	16.20	16.28	95351563	1556517248.00
2019/11/12	16.29	16.37	16.16	16.33	51626640	840769280.00
2019/11/13	16.29	16.46	16.06	16.33	65512065	1067975616.00
2019/11/14	16.43	16.48	16.25	16.32	46889955	767006336.00
2019/11/15	16.39	16.55	16.24	16.34	56922798	933539584.00
2019/11/18	16.35	16.55	16.23	16.45	55791841	915983936.00
2019/11/19	16.45	16.48	16.31	16.41	56212040	920998208.00
2019/11/20	16.30	16.30	15.77	15.85	172438353	2747598336.00
2019/11/21	15.75	15.87	15.63	15.86	77256324	1218516352.00
2019/11/22	15.89	15.92	15.55	15.59	77347354	1216064512.00
2019/11/25	15.64	15.84	15.54	15.80	78325794	1233388928.00
2019/11/26	15.89	15.89	15.49	15.62	81529753	1271594624.00
2019/11/27	15.64	15.64	15.39	15.47	47616998	736584320.00
2019/11/28	15.47	15.54	15.44	15.49	37801651	585252032.00
2019/11/29	15.54	15.55	15.18	15.29	65386691	1001451072.00
2019/12/02	15.35	15.43	15.23	15.36	55387738	849784128.00
2019/12/03	15.30	15.46	15.21	15.45	45541805	700293568.00
2019/12/04	15.34	15.41	15.21	15.31	52454527	802110336.00
2019/12/05	15.35	15.48	15.30	15.43	55708446	857682560.00
2019/12/06	15.47	15.72	15.46	15.60	71261524	1109423104.00
2019/12/09	15.62	15.62	15.35	15.41	60599289	935135936.00
2019/12/10	15.36	15.38	15.25	15.33	55638388	851377536.00
2019/12/11	15.38	15.68	15.30	15.66	87150519	1351786496.00
2019/12/12	15.66	15.67	15.53	15.60	47899882	747519488.00
2019/12/13	15.85	16.12	15.77	16.12	105310381	1680707328.00
2019/12/16	16.12	16.14	15.87	16.13	78795234	1262802432.00
2019/12/17	16.00	16.63	15.98	16.50	120310490	1969891328.00
2019/12/18	16.43	16.66	16.41	16.46	79709133	1317608576.00
2019/12/19	16.55	16.74	16.44	16.55	67553676	1119926016.00
2019/12/20	16.55	16.68	16.44	16.59	64447838	1067869760.00
2019/12/23	16.68	16.68	16.17	16.24	71579272	1173372032.00
2019/12/24	16.23	16.50	16.23	16.40	45912842	752351616.00
2019/12/25	16.45	16.56	16.24	16.30	41491798	679664576.00
2019/12/26	16.34	16.48	16.32	16.47	37203386	610381760.00
2019/12/27	16.53	16.93	16.43	16.63	104257472	1741473152.00
2019/12/30	16.46	16.63	16.10	16.57	97697031	1603152768.00
2019/12/31	16.57	16.63	16.31	16.45	70444225	1154704384.00
2020/01/02	16.65	16.95	16.55	16.87	153023187	2571196416.00
2020/01/03	16.94	17.31	16.92	17.18	111619481	1914495488.00
2020/01/06	17.01	17.34	16.91	17.07	86208350	1477930240.00
2020/01/07	17.13	17.28	16.95	17.15	72860756	1247047168.00
2020/01/08	17.00	17.05	16.63	16.66	84782412	1423608832.00
2020/01/09	16.81	16.93	16.53	16.79	103163665	1725326848.00
2020/01/10	16.79	16.81	16.52	16.69	58554845	975154816.00
2020/01/13	16.75	17.03	16.61	16.99	87213336	1468271744.00
2020/01/14	16.99	17.27	16.76	16.76	130449366	2217608960.00
2020/01/15	16.79	16.86	16.45	16.52	85943912	1424889216.00
2020/01/16	16.52	16.57	16.20	16.33	102810467	1678888448.00
2020/01/17	16.38	16.55	16.35	16.39	60543669	995908992.00
2020/01/20	16.43	16.61	16.35	16.45	74607475	1226464640.00
2020/01/21	16.34	16.34	15.93	16.00	89660310	1442171392.00
2020/01/22	15.92	16.16	15.71	16.09	71946491	1150933376.00
2020/01/23	15.92	15.92	15.39	15.54	110059207	1723394304.00
2020/02/03	13.99	14.70	13.99	13.99	225919483	3201454080.00
2020/02/04	14.05	14.66	14.02	14.60	170617207	2442932736.00
2020/02/05	14.59	14.89	14.32	14.63	149138021	2177632000.00
2020/02/06	14.81	14.87	14.51	14.77	118581572	1740107648.00
2020/02/07	14.60	14.69	14.41	14.62	92485296	1345053312.00
2020/02/10	14.51	14.53	14.30	14.50	133949524	1931983488.00
2020/02/11	14.60	14.94	14.56	14.79	140750744	2077194112.00
2020/02/12	14.79	14.82	14.60	14.77	107050321	1573229056.00
2020/02/13	14.71	14.88	14.61	14.65	101320528	1491327744.00
2020/02/14	14.75	15.14	14.70	15.03	151243473	2253906432.00
2020/02/17	15.04	15.37	14.93	15.37	154369601	2337993472.00
2020/02/18	15.33	15.33	15.01	15.20	97361235	1478274176.00
2020/02/19	15.10	15.37	15.08	15.24	87410693	1333730176.00
2020/02/20	15.27	15.62	15.10	15.59	123544434	1897923072.00
2020/02/21	15.49	15.72	15.45	15.58	99507102	1546692992.00
2020/02/24	15.46	15.46	15.15	15.23	119179450	1820183808.00
2020/02/25	15.00	15.13	14.78	15.04	114457502	1710369792.00
2020/02/26	14.77	15.27	14.70	14.99	117659915	1769612288.00
2020/02/27	14.96	15.15	14.89	15.11	97527090	1464605696.00
2020/02/28	14.85	15.04	14.46	14.50	130064445	1906892416.00
2020/03/02	14.55	14.95	14.46	14.79	111658066	1647432320.00
2020/03/03	14.96	14.99	14.63	14.72	115358432	1705816320.00
2020/03/04	14.68	14.78	14.51	14.69	86259523	1261123072.00
2020/03/05	14.80	15.64	14.73	15.39	268660234	4089493504.00
2020/03/06	15.18	15.27	15.02	15.03	122853103	1858691200.00
2020/03/09	14.71	14.73	14.42	14.45	166579354	2420392192.00
2020/03/10	14.38	14.85	14.38	14.76	116786497	1709084544.00
2020/03/11	14.77	14.88	14.62	14.69	81438164	1201250688.00
2020/03/12	14.65	14.84	14.53	14.68	98649711	1447436672.00
2020/03/13	13.90	14.58	13.90	14.52	116976580	1669009792.00
2020/03/16	14.45	14.46	13.75	13.75	140620218	1975824128.00
2020/03/17	13.75	13.97	13.13	13.41	117784906	1582506112.00
2020/03/18	13.41	13.55	12.65	12.71	138478437	1816836864.00
2020/03/19	12.68	12.74	11.91	12.23	189145713	2313863680.00
2020/03/20	12.40	12.68	12.26	12.52	157835296	1967487872.00
2020/03/23	12.00	12.35	11.93	12.15	107111364	1300469504.00
2020/03/24	12.40	12.68	12.27	12.61	118020026	1472909440.00
2020/03/25	12.88	13.07	12.70	12.87	113695774	1467534976.00
2020/03/26	12.78	13.34	12.72	13.06	107519243	1408651008.00
2020/03/27	13.25	13.38	13.08	13.15	65301888	861618688.00
2020/03/30	12.85	13.04	12.76	12.94	66173879	852956224.00
2020/03/31	13.05	13.09	12.78	12.80	51337030	662915456.00
2020/04/01	12.86	13.13	12.82	12.89	52083604	676070144.00
2020/04/02	12.75	12.97	12.66	12.97	51836504	663197632.00
2020/04/03	12.82	12.89	12.55	12.61	82534814	1047282432.00
2020/04/07	12.89	12.94	12.81	12.88	87031371	1121200128.00
2020/04/08	12.88	12.92	12.72	12.78	52871614	676604864.00
2020/04/09	12.88	12.89	12.72	12.74	40855377	522027904.00
2020/04/10	12.76	12.98	12.65	12.79	66667495	853689920.00
2020/04/13	12.67	12.71	12.47	12.59	44621440	562008064.00
2020/04/14	12.65	12.86	12.57	12.86	68608687	874856576.00
2020/04/15	12.86	12.93	12.78	12.87	65639640	843649280.00
2020/04/16	12.79	12.79	12.54	12.68	78915498	997623808.00
2020/04/17	12.77	13.04	12.65	12.89	133116477	1713215744.00
2020/04/20	12.86	13.05	12.77	12.99	81845583	1058524032.00
2020/04/21	13.30	13.70	13.30	13.45	212244834	2861879040.00
2020/04/22	13.37	13.42	13.16	13.23	103280274	1368222848.00
2020/04/23	13.23	13.31	13.11	13.23	64698963	855052096.00
2020/04/24	13.17	13.28	13.11	13.24	56600161	747473792.00
2020/04/27	13.30	13.64	13.25	13.50	93682990	1263809792.00
2020/04/28	13.45	13.56	13.27	13.52	77156417	1038718080.00
2020/04/29	13.48	14.10	13.45	14.02	110872239	1541638144.00
2020/04/30	14.02	14.32	13.88	13.93	81954043	1155968256.00
2020/05/06	13.76	13.89	13.61	13.77	100899802	1382727424.00
2020/05/07	13.76	13.76	13.60	13.69	66274923	904349504.00
2020/05/08	13.76	14.02	13.68	13.95	93478170	1297924608.00
2020/05/11	13.92	14.13	13.90	14.00	61286229	859156608.00
2020/05/12	13.95	14.05	13.72	13.79	55851114	772109504.00
2020/05/13	13.75	13.78	13.53	13.63	64035879	871062016.00
2020/05/14	13.55	13.59	13.22	13.30	94467209	1259440896.00
2020/05/15	13.39	13.43	13.14	13.23	75679447	1004313280.00
2020/05/18	13.20	13.34	13.12	13.20	63720857	843479680.00
2020/05/19	13.41	13.45	13.27	13.36	60036864	801755648.00
2020/05/20	13.38	13.62	13.27	13.51	69085107	929928896.00
2020/05/21	13.52	13.57	13.36	13.40	55231200	742797056.00
2020/05/22	13.33	13.34	12.92	12.92	85623733	1119433472.00
2020/05/25	12.97	12.98	12.76	12.96	41017078	528769344.00
2020/05/26	13.02	13.07	12.94	13.04	39621240	515451840.00
2020/05/27	13.05	13.19	12.96	13.00	48296294	630305856.00
2020/05/28	12.87	13.18	12.81	13.07	96076031	1255227008.00
2020/05/29	13.01	13.04	12.92	13.00	45780822	594502144.00
2020/06/01	13.10	13.39	13.08	13.32	88296055	1173618944.00
2020/06/02	13.29	13.63	13.28	13.55	88345888	1194375808.00
2020/06/03	13.64	13.88	13.50	13.54	95680308	1308782336.00
2020/06/04	13.53	13.64	13.41	13.57	58306633	788707648.00
2020/06/05	13.60	13.62	13.43	13.59	38302690	517232128.00
2020/06/08	13.68	13.85	13.58	13.62	58597190	802115776.00
2020/06/09	13.64	13.73	13.53	13.67	47430007	646895808.00
2020/06/10	13.71	13.71	13.40	13.49	58047620	781995776.00
2020/06/11	13.38	13.39	13.00	13.08	134903982	1774199936.00
2020/06/12	12.90	13.02	12.87	12.99	103055057	1331618688.00
2020/06/15	12.85	12.97	12.80	12.82	66031307	850767488.00
2020/06/16	12.90	12.99	12.86	12.89	71805910	927043712.00
2020/06/17	12.89	12.92	12.76	12.85	71646824	918251136.00
2020/06/18	12.76	12.80	12.59	12.76	111964780	1419971968.00
2020/06/19	12.73	12.84	12.61	12.80	153952178	1954584960.00
2020/06/22	12.74	12.76	12.62	12.64	131907979	1671023232.00
2020/06/23	12.65	12.69	12.52	12.60	99080673	1248046592.00
2020/06/24	12.64	12.88	12.60	12.80	152322048	1946329088.00
2020/06/29	12.92	12.97	12.71	12.80	103848006	1330678272.00
2020/06/30	12.83	12.88	12.72	12.80	93794022	1199181568.00
2020/07/01	12.79	13.15	12.74	13.12	169739001	2202800896.00
2020/07/02	13.08	13.49	12.97	13.43	259050119	3433511168.00
2020/07/03	13.57	14.32	13.56	14.25	376833363	5280918016.00
2020/07/06	14.60	15.68	14.59	15.68	471146078	7168653312.00
2020/07/07	16.30	16.63	15.03	15.48	396442747	6267919872.00
2020/07/08	15.23	16.00	15.23	15.76	263133916	4095447808.00
2020/07/09	15.66	15.66	15.31	15.53	224399440	3469517312.00
2020/07/10	15.35	15.48	14.76	14.86	215877326	3254272256.00
2020/07/13	14.70	15.08	14.50	14.89	193716012	2871414784.00
2020/07/14	14.90	15.19	14.55	14.68	195356627	2891773696.00
2020/07/15	14.78	14.86	14.23	14.27	204256283	2947173120.00
2020/07/16	14.30	14.55	14.12	14.15	193089129	2771496448.00
2020/07/17	14.17	14.28	13.95	14.14	129134677	1821043968.00
2020/07/20	14.23	14.77	14.10	14.73	197963200	2872758016.00
2020/07/21	14.68	14.68	14.40	14.49	125286569	1815570304.00
2020/07/22	14.49	14.65	14.27	14.41	131295159	1895447168.00
2020/07/23	14.24	14.29	13.81	14.01	202752587	2838535168.00
2020/07/24	13.97	13.99	13.42	13.50	183088183	2504647168.00
2020/07/27	13.67	13.68	13.10	13.24	188065335	2497551360.00
2020/07/28	13.34	13.43	13.18	13.34	121700599	1618089600.00
2020/07/29	13.35	13.63	13.21	13.54	151958025	2043847424.00
2020/07/30	13.50	13.51	13.37	13.37	96406763	1294444928.00
2020/07/31	13.28	13.53	13.25	13.34	116582191	1559068288.00
2020/08/03	13.47	13.62	13.43	13.59	144509616	1954607232.00
2020/08/04	13.66	14.15	13.48	14.04	244566325	3388509952.00
2020/08/05	13.82	13.85	13.62	13.76	144020313	1980353024.00
2020/08/06	13.82	13.96	13.65	13.90	135251068	1868047360.00
2020/08/07	13.80	13.90	13.62	13.70	98867837	1356305792.00
2020/08/10	13.67	14.02	13.62	13.95	158771035	2208568320.00
2020/08/11	13.97	14.66	13.97	14.13	260330789	3748036864.00
2020/08/12	14.21	14.50	14.15	14.38	159681170	2287731200.00
2020/08/13	14.40	14.46	14.14	14.18	83726175	1190139776.00
2020/08/14	14.10	14.51	14.06	14.47	110321582	1578543616.00
2020/08/17	14.60	15.35	14.55	15.19	326802780	4923668992.00
2020/08/18	15.20	15.30	14.91	15.15	135026107	2033477760.00
2020/08/19	15.11	15.35	14.96	15.10	142092811	2154215168.00
2020/08/20	15.01	15.14	14.53	14.59	133380162	1962605056.00
2020/08/21	14.71	14.71	14.32	14.45	123451733	1787278592.00
2020/08/24	14.50	14.71	14.41	14.46	91944886	1338032000.00
2020/08/25	14.56	14.69	14.46	14.60	74832022	1090756864.00
2020/08/26	14.60	14.61	14.28	14.37	73411772	1057274176.00
2020/08/27	14.40	14.46	14.11	14.46	62666677	895618624.00
2020/08/28	14.26	15.18	14.26	15.13	241040002	3599035648.00
2020/08/31	15.30	15.68	14.99	15.08	179712954	2760350208.00
2020/09/01	14.96	15.23	14.88	15.14	81364258	1228342784.00
2020/09/02	15.01	15.53	15.01	15.32	167938297	2575966720.00
2020/09/03	15.32	15.33	14.84	14.90	127984159	1919266688.00
2020/09/04	14.73	15.06	14.60	14.96	90988999	1353550848.00
2020/09/07	14.88	15.24	14.83	14.94	103137681	1551971328.00
2020/09/08	15.00	15.43	15.00	15.43	140760166	2154220800.00
2020/09/09	15.26	15.56	15.13	15.21	101357247	1554005632.00
2020/09/10	15.32	15.48	15.20	15.34	95709239	1469402752.00
2020/09/11	15.18	15.30	14.82	15.01	95423625	1431843968.00
2020/09/14	15.01	15.30	14.92	15.30	68025105	1027508096.00
2020/09/15	15.20	15.48	15.15	15.35	65713267	1007999040.00
2020/09/16	15.32	15.54	15.21	15.44	72241475	1114667776.00
2020/09/17	15.54	15.72	15.40	15.57	98821563	1543414528.00
2020/09/18	15.62	16.09	15.52	16.07	137319330	2186759168.00
2020/09/21	16.00	16.05	15.71	15.86	89616165	1418370944.00
2020/09/22	15.67	15.84	15.39	15.57	86775631	1354536320.00
2020/09/23	15.59	15.83	15.51	15.63	59920047	939763264.00
2020/09/24	15.59	15.61	15.12	15.12	106101124	1623376256.00
2020/09/25	15.20	15.31	15.11	15.19	61408700	933035072.00
2020/09/28	15.19	15.37	14.98	15.31	61271111	932800768.00
2020/09/29	15.39	15.41	14.76	14.80	118237440	1766848512.00
2020/09/30	14.80	15.27	14.80	15.17	121706482	1838547584.00
2020/10/09	15.30	15.55	15.13	15.18	90042593	1376995968.00
2020/10/12	15.22	16.05	15.21	15.90	159134715	2509003008.00
2020/10/13	15.90	16.11	15.77	16.06	90881948	1453986304.00
2020/10/14	16.04	16.12	15.80	16.03	66256236	1057937792.00
2020/10/15	16.20	16.92	16.15	16.56	160006232	2654379520.00
2020/10/16	16.56	17.37	16.54	17.10	209561419	3589229568.00
2020/10/19	17.30	18.10	17.30	17.48	201610552	3571335936.00
2020/10/20	17.48	17.60	17.25	17.54	96007195	1673173376.00
2020/10/21	17.64	18.00	17.33	17.91	124456018	2204040448.00
2020/10/22	17.94	18.50	17.30	17.56	189051905	3342068992.00
2020/10/23	17.53	18.78	17.53	18.13	169850168	3105624064.00
2020/10/26	18.20	18.29	17.45	17.70	117559865	2085800576.00
2020/10/27	18.00	18.00	17.50	17.76	103486504	1839243264.00
2020/10/28	17.76	17.90	17.29	17.63	120582386	2125604480.00
2020/10/29	17.54	17.93	17.35	17.77	84660362	1498040960.00
2020/10/30	17.74	18.36	17.60	17.75	100780383	1813064320.00
2020/11/02	17.65	18.05	17.33	17.63	96845277	1702741376.00
2020/11/03	17.71	18.34	17.70	17.96	95786863	1727488512.00
2020/11/04	18.35	18.48	17.96	18.32	124763640	2275824896.00
2020/11/05	18.37	18.50	17.54	17.70	142946944	2558562560.00
2020/11/06	17.71	17.75	17.22	17.64	84878153	1486492160.00
2020/11/09	17.67	18.00	17.54	17.84	95142432	1688807424.00
2020/11/10	18.00	18.50	17.93	18.11	102106281	1854142848.00
2020/11/11	18.20	18.30	17.60	17.81	94013007	1677811456.00
2020/11/12	17.81	17.94	17.45	17.66	67725848	1197284224.00
2020/11/13	17.42	17.47	16.69	17.18	128918923	2191492096.00
2020/11/16	17.08	17.43	16.90	17.37	75985693	1308190464.00
2020/11/17	17.38	17.93	17.25	17.83	85293051	1509511552.00
2020/11/18	17.78	18.50	17.75	18.46	137340072	2508632576.00
2020/11/19	18.59	18.98	18.30	18.85	121174062	2270476544.00
2020/11/20	18.83	18.99	18.52	18.86	67391922	1265262976.00
2020/11/23	18.85	19.62	18.80	19.62	116585826	2252290560.00
2020/11/24	19.62	19.68	19.17	19.36	67854323	1313496192.00
2020/11/25	19.48	19.70	19.05	19.06	55258501	1068352000.00
2020/11/26	19.05	19.61	19.03	19.50	63965789	1240074368.00
2020/11/27	20.00	20.00	19.38	19.70	75377374	1479430656.00
2020/11/30	19.90	20.88	19.59	19.74	158144128	3213680384.00
2020/12/01	19.70	20.51	19.40	20.05	126371975	2516010752.00
2020/12/02	19.93	20.06	19.52	19.63	88938529	1758639232.00
2020/12/03	19.78	19.86	19.17	19.54	71445230	1393085056.00
2020/12/04	19.47	19.47	18.97	19.30	89134784	1707639040.00
2020/12/07	19.31	19.39	18.68	18.91	87380661	1655173504.00
2020/12/08	18.92	19.03	18.53	18.71	71964751	1345951744.00
2020/12/09	18.79	19.05	18.68	18.71	67722115	1277484416.00
2020/12/10	18.73	18.88	18.45	18.65	60786655	1130916224.00
2020/12/11	18.71	18.80	18.22	18.52	88779387	1642392320.00
2020/12/14	18.60	19.06	18.50	18.88	83599174	1575395968.00
2020/12/15	18.80	18.85	18.15	18.74	78885794	1458268672.00
2020/12/16	18.80	19.10	18.58	19.01	68907042	1302133760.00
2020/12/17	18.91	19.07	18.60	18.95	68614069	1294658304.00
2020/12/18	19.00	19.10	18.23	18.36	105875636	1959764096.00
2020/12/21	18.30	18.64	18.03	18.28	90687811	1662649856.00
2020/12/22	18.36	18.65	17.88	17.90	102873751	1873638784.00
2020/12/23	17.96	18.07	17.79	18.00	75008273	1345650688.00
2020/12/24	18.15	18.49	18.05	18.26	63295012	1155767296.00
2020/12/25	18.26	18.26	17.80	18.04	57707733	1038128192.00
2020/12/28	18.02	18.86	17.96	18.85	127033706	2352947200.00
2020/12/29	18.87	19.30	18.70	19.17	96309223	1837947264.00
2020/12/30	19.00	19.20	18.72	19.20	97849778	1854082816.00
2020/12/31	19.21	19.58	19.02	19.34	92450343	1781736320.00
2021/01/04	19.10	19.10	18.44	18.60	155421643	2891682304.00
2021/01/05	18.40	18.48	17.80	18.17	182135210	3284606976.00
2021/01/06	18.08	19.56	18.00	19.56	193494512	3648521984.00
2021/01/07	19.52	19.98	19.23	19.90	158418530	3111274752.00
2021/01/08	19.90	20.10	19.31	19.85	119547322	2348316416.00
2021/01/11	20.00	20.64	20.00	20.38	179045714	3652546560.00
2021/01/12	20.39	21.00	20.18	21.00	128816550	2657687552.00
2021/01/13	21.00	21.01	20.40	20.70	104911973	2161849600.00
2021/01/14	20.68	20.89	19.95	20.17	113015562	2306404608.00
2021/01/15	21.00	21.95	20.82	21.00	248068898	5311218176.00
2021/01/18	21.20	22.78	21.20	22.70	215730178	4792909312.00
2021/01/19	22.51	22.84	22.05	22.34	124208834	2790056704.00
2021/01/20	22.15	22.97	22.12	22.47	128079316	2889249792.00
2021/01/21	22.50	22.80	22.15	22.23	94477860	2114252672.00
2021/01/22	22.23	22.23	21.51	22.03	92443442	2025834752.00
2021/01/25	21.72	22.60	21.43	22.49	102836527	2269032704.00
2021/01/26	22.30	23.32	22.30	22.37	112672055	2558575616.00
2021/01/27	22.31	23.47	22.31	23.08	129415272	2976801024.00
2021/01/28	22.78	23.18	22.45	22.81	85747696	1948881152.00
2021/01/29	22.81	23.54	22.71	23.09	124025841	2864101376.00
2021/02/01	23.00	24.99	22.70	24.55	147523930	3529556992.00
2021/02/02	23.38	24.10	22.91	23.28	241616877	5679179776.00
2021/02/03	23.48	25.18	23.38	24.95	192327159	4690176512.00
2021/02/04	24.18	25.24	24.04	24.60	125524750	3084553728.00
2021/02/05	24.60	25.31	24.27	24.93	101557559	2517804032.00
2021/02/08	24.90	24.90	24.10	24.80	108426467	2650948352.00
2021/02/09	24.79	24.84	24.17	24.58	94209355	2302978048.00
2021/02/10	24.60	24.96	23.38	23.82	191886710	4569741824.00
2021/02/18	24.00	24.55	23.48	24.30	150523081	3619387648.00
2021/02/19	23.96	24.19	23.57	23.85	92258314	2197558272.00
2021/02/22	23.80	23.80	22.26	22.38	195684248	4445818368.00
2021/02/23	22.38	22.68	21.82	21.93	187046013	4160776704.00
2021/02/24	22.27	22.28	21.56	22.16	142849985	3144209152.00
2021/02/25	22.40	22.56	21.68	22.09	159340347	3524600832.00
2021/02/26	21.60	21.96	21.21	21.38	112497730	2424653824.00
2021/03/01	21.54	21.68	21.18	21.45	112538653	2408050944.00
2021/03/02	21.62	22.15	21.26	21.65	147342505	3196537088.00
2021/03/03	21.58	23.08	21.46	23.01	191963527	4320024576.00
2021/03/04	22.77	23.49	22.65	22.92	121357937	2799747072.00
2021/03/05	22.70	22.98	21.86	22.34	88017141	1960439168.00
2021/03/08	22.44	22.69	21.48	21.60	99377397	2189190912.00
2021/03/09	21.68	21.92	20.58	20.85	136189533	2882931968.00
2021/03/10	20.84	20.91	20.28	20.40	114941657	2356185088.00
2021/03/11	20.58	21.38	20.56	21.27	104865939	2213107712.00
2021/03/12	21.37	21.70	21.20	21.48	69720060	1494219136.00
2021/03/15	21.40	22.12	21.11	21.60	95874870	2077984896.00
2021/03/16	21.60	22.11	21.27	21.66	93968432	2038470656.00
2021/03/17	21.45	21.55	20.90	21.20	82148865	1738185856.00
2021/03/18	21.30	21.73	21.00	21.73	69161019	1483801600.00
2021/03/19	21.53	21.65	20.37	20.47	152562227	3159181056.00
2021/03/22	20.55	21.55	20.53	21.55	145119008	3087549440.00
2021/03/23	21.57	21.65	20.96	21.23	68290338	1448043648.00
2021/03/24	21.21	21.28	20.45	20.53	85008507	1757688576.00
2021/03/25	20.58	20.83	20.40	20.75	49266574	1017166080.00
2021/03/26	20.84	21.40	20.76	21.14	82210806	1733412608.00
2021/03/29	21.28	21.65	21.20	21.49	78566668	1684397824.00
2021/03/30	21.38	21.93	21.21	21.93	73865481	1601238528.00
2021/03/31	21.77	22.07	21.60	22.01	77702807	1699922176.00
2021/04/01	22.08	22.11	21.50	21.78	54444898	1183868032.00
2021/04/02	21.70	21.73	21.36	21.50	58108352	1249405440.00
2021/04/06	21.55	22.09	21.51	21.68	40110282	873387008.00
2021/04/07	21.88	21.93	21.31	21.64	51760459	1116774400.00
2021/04/08	21.46	21.73	21.33	21.56	38302950	825170816.00
2021/04/09	21.71	21.72	21.08	21.30	39896028	849870848.00
2021/04/12	21.51	21.51	20.63	20.70	59474314	1240067328.00
2021/04/13	20.72	20.88	20.59	20.78	49990418	1036992704.00
2021/04/14	20.79	20.94	20.42	20.67	53743849	1113001600.00
2021/04/15	20.76	20.77	20.08	20.36	73586505	1494016000.00
2021/04/16	20.36	20.43	19.81	20.26	72999826	1466509056.00
2021/04/19	20.03	21.24	19.91	21.15	111228262	2304021504.00
2021/04/20	21.08	21.95	20.92	21.69	83477272	1798249088.00
2021/04/21	22.30	23.19	22.29	23.01	159709965	3644577536.00
2021/04/22	23.19	23.23	22.78	22.98	82969388	1905208960.00
2021/04/23	23.32	23.65	23.07	23.29	82323015	1920413440.00
2021/04/26	23.87	24.23	22.90	22.94	87241767	2037109632.00
2021/04/27	22.95	23.19	22.86	22.94	47043140	1083043584.00
2021/04/28	23.29	23.45	22.78	23.35	59383793	1375141376.00
2021/04/29	23.34	23.71	23.11	23.59	61483688	1439824000.00
2021/04/30	23.35	23.49	23.01	23.29	56198132	1308177152.00
2021/05/06	23.10	23.70	23.10	23.50	50029522	1174181632.00
2021/05/07	23.67	24.30	23.39	24.05	80221421	1929112320.00
2021/05/10	24.00	24.04	23.02	23.86	66143890	1566860800.00
2021/05/11	23.62	23.75	23.06	23.53	49722345	1161846400.00
2021/05/12	23.29	23.64	22.88	23.55	53326526	1245517696.00
2021/05/13	23.52	23.59	22.84	23.07	54965250	1271946240.00
2021/05/14	23.14	23.43	22.60	23.32	56378536	1300250880.00
2021/05/17	23.15	23.82	22.95	23.60	52756465	1241605248.00
2021/05/18	23.85	24.11	23.40	23.90	39541498	939786752.00
2021/05/19	23.82	24.13	23.52	23.60	42942033	1022553728.00
2021/05/20	23.41	23.84	23.27	23.82	40578837	957478848.00
2021/05/21	23.88	24.09	23.03	23.49	53933574	1263058176.00
2021/05/24	23.48	23.60	23.19	23.48	34393563	806092224.00
2021/05/25	23.54	24.73	23.45	24.60	97237462	2363145984.00
2021/05/26	24.64	25.12	24.50	25.01	91926378	2286540288.00
2021/05/27	24.91	25.16	24.52	24.79	50409136	1246712064.00
2021/05/28	24.68	24.71	24.16	24.50	49240073	1200523264.00
2021/05/31	24.33	24.53	23.91	24.20	51535081	1244209024.00
2021/06/01	24.20	24.25	23.50	23.92	62501796	1490476672.00
2021/06/02	23.89	23.92	23.38	23.89	49752702	1176608128.00
2021/06/03	23.72	24.14	23.68	23.77	40090085	958876480.00
2021/06/04	23.99	24.96	23.80	24.54	75673942	1851425792.00
2021/06/07	24.48	24.48	23.93	24.30	44791410	1081738880.00
2021/06/08	24.15	24.57	23.95	24.53	57007792	1384120320.00
2021/06/09	24.43	24.88	24.18	24.65	45383150	1116771328.00
2021/06/10	24.66	25.06	24.15	24.20	53021516	1294972544.00
2021/06/11	24.31	24.35	23.12	23.37	83466504	1965393152.00
2021/06/15	23.35	23.43	22.80	23.22	66062259	1524503424.00
2021/06/16	23.22	23.40	23.01	23.26	37820804	878470848.00
2021/06/17	23.02	23.69	23.02	23.10	45328209	1059121792.00
2021/06/18	23.13	23.28	22.39	22.65	69409930	1574437760.00
2021/06/21	22.60	22.67	22.01	22.16	71827274	1600119808.00
2021/06/22	22.38	23.09	22.25	22.97	75775141	1720057984.00
2021/06/23	22.85	23.41	22.72	23.14	44790778	1035835712.00
2021/06/24	23.03	23.12	22.68	23.08	39028349	894502080.00
2021/06/25	23.08	23.60	23.06	23.36	55997295	1310287360.00
2021/06/28	23.36	23.39	22.48	22.78	62625737	1425702144.00
2021/06/29	22.58	22.79	22.00	22.34	104974939	2341926400.00
2021/06/30	22.36	22.93	22.35	22.62	40343546	913285184.00
2021/07/01	22.81	23.50	22.52	23.20	66483330	1530548736.00
2021/07/02	22.72	22.74	21.76	21.81	107067756	2360189696.00
2021/07/05	21.69	22.15	21.09	22.06	85934129	1859394304.00
2021/07/06	22.08	23.00	21.85	22.78	79195726	1784792832.00
2021/07/07	22.68	23.05	22.50	22.55	46894487	1063910080.00
2021/07/08	22.78	22.78	21.20	21.51	145705947	3140657408.00
2021/07/09	21.30	21.63	21.02	21.27	76236474	1625461632.00
2021/07/12	21.50	21.50	20.89	21.16	87790102	1859059456.00
2021/07/13	21.15	21.34	20.54	21.12	65761395	1382029184.00
2021/07/14	21.00	21.00	20.41	20.76	84795055	1755810816.00
2021/07/15	20.72	21.72	20.63	21.62	95600305	2040266240.00
2021/07/16	21.41	21.82	21.30	21.34	57300261	1230180864.00
2021/07/19	21.36	21.43	20.78	21.21	52213595	1098434688.00
2021/07/20	21.10	21.20	20.47	20.60	80403433	1665315584.00
2021/07/21	20.58	20.80	20.20	20.45	75307652	1535327616.00
2021/07/22	20.45	20.66	20.24	20.38	86864809	1773999360.00
2021/07/23	20.38	20.38	20.00	20.10	72740433	1461467520.00
2021/07/26	19.96	19.99	18.43	18.80	145130394	2770236672.00
2021/07/27	18.87	18.99	17.60	17.76	135755148	2461708288.00
2021/07/28	17.85	18.07	17.68	17.75	106299421	1898562560.00
2021/07/29	17.91	18.24	17.78	17.96	87237812	1566107776.00
2021/07/30	17.92	18.05	17.24	17.69	95015588	1679747328.00
2021/08/02	17.64	18.14	17.18	18.01	115992263	2056014208.00
2021/08/03	17.99	18.15	17.66	17.89	89694857	1609422592.00
2021/08/04	18.04	18.07	17.60	17.81	72962008	1300164352.00
2021/08/05	17.70	18.05	17.58	17.68	62157388	1104903040.00
2021/08/06	17.55	17.90	17.45	17.86	56745413	1005870976.00
2021/08/09	17.91	19.25	17.84	19.06	175279800	3313803264.00
2021/08/10	19.09	19.98	18.90	19.73	130198844	2535428096.00
2021/08/11	19.99	20.58	19.70	19.81	104830844	2104975104.00
2021/08/12	19.79	20.30	19.63	19.89	66645800	1330388096.00
2021/08/13	19.78	19.92	19.50	19.89	56288502	1110191360.00
2021/08/16	20.09	20.20	19.57	19.95	62705022	1247681152.00
2021/08/17	19.85	20.22	19.61	19.67	47602194	947385536.00
2021/08/18	19.67	21.20	19.55	20.62	133273216	2732213504.00
2021/08/19	20.48	20.62	20.02	20.34	64997561	1315320320.00
2021/08/20	19.97	20.07	18.70	19.42	161462793	3119152640.00
2021/08/23	19.50	20.05	19.11	19.30	119184935	2315871744.00
2021/08/24	19.35	19.97	19.21	19.36	86895330	1690760832.00
2021/08/25	19.42	19.47	18.95	19.16	69808397	1341330432.00
2021/08/26	19.20	19.26	18.41	18.46	95161900	1783725056.00
2021/08/27	18.56	18.88	18.31	18.39	72882023	1354408960.00
2021/08/30	18.21	18.29	17.55	17.72	125221101	2221855744.00
2021/08/31	17.72	17.93	17.31	17.80	117486786	2072006784.00
2021/09/01	17.48	17.92	17.01	17.88	231689409	4046284288.00
2021/09/02	18.00	18.78	17.80	18.40	242260354	4454545408.00
2021/09/03	18.50	18.50	17.70	18.04	139481871	2523273216.00
2021/09/06	17.93	18.60	17.78	18.45	151522556	2780281088.00
2021/09/07	18.60	19.56	18.35	19.24	162234416	3067365632.00
2021/09/08	19.24	19.55	19.10	19.23	102620105	1979771520.00
2021/09/09	19.11	19.15	18.80	19.00	73950585	1399536000.00
2021/09/10	18.89	20.77	18.84	20.57	231494528	4668361728.00
2021/09/13	20.36	20.51	19.81	20.21	129722802	2606152448.00
2021/09/14	20.18	20.27	19.27	19.37	115817315	2272080128.00
2021/09/15	19.31	20.99	19.19	19.52	84161841	1639298304.00
2021/09/16	19.30	19.50	18.73	19.08	117695356	2234475008.00
2021/09/17	18.90	19.00	18.41	18.53	112487963	2098715136.00
2021/09/22	17.87	18.05	17.42	17.98	147336521	2616707328.00
2021/09/23	18.10	18.32	17.65	17.68	137983759	2465683712.00
2021/09/24	17.60	17.68	17.34	17.35	126569628	2209462016.00
2021/09/27	17.21	17.68	17.06	17.57	114066759	1979196800.00
2021/09/28	17.47	18.17	17.45	17.97	129316747	2311265536.00
2021/09/29	17.86	18.44	17.71	18.15	123012175	2225416448.00
2021/09/30	18.09	18.20	17.71	17.93	79561105	1424675968.00
2021/10/08	18.17	18.89	18.02	18.64	115920062	2146983936.00
2021/10/11	19.00	19.74	19.00	19.40	145533835	2829310720.00
2021/10/12	19.30	19.71	19.20	19.35	103123218	2004823936.00
2021/10/13	19.30	19.91	19.17	19.58	80789668	1577612416.00
2021/10/14	19.59	19.92	18.89	19.21	84298987	1623970432.00
2021/10/15	19.00	19.90	19.00	19.66	99349378	1948647296.00
2021/10/18	19.45	19.55	19.10	19.29	72962250	1408737792.00
2021/10/19	19.15	19.68	19.15	19.57	68241515	1330501248.00
2021/10/20	19.75	19.78	19.19	19.24	66295555	1283356160.00
2021/10/21	19.52	20.06	19.25	20.00	162166101	3198266112.00
2021/10/22	20.16	20.59	19.80	20.04	113496363	2287284992.00
2021/10/25	19.71	20.20	19.50	20.12	73082823	1458800128.00
2021/10/26	20.06	20.45	19.86	20.05	65280684	1313475840.00
2021/10/27	20.00	20.17	19.59	19.92	68760019	1365982848.00
2021/10/28	19.80	19.94	19.37	19.72	61901089	1211946112.00
2021/10/29	19.63	19.74	19.32	19.50	53992976	1052760256.00
2021/11/01	19.33	19.73	19.01	19.39	84149020	1626761984.00
2021/11/02	19.37	19.49	17.99	18.18	199769050	3691356416.00
2021/11/03	18.10	18.24	17.85	18.03	111497204	2009325056.00
2021/11/04	18.08	18.10	17.80	17.87	98341098	1760671872.00
2021/11/05	17.85	18.00	17.57	17.64	109603988	1942415616.00
2021/11/08	17.62	17.81	17.36	17.42	137681482	2406417664.00
2021/11/09	17.48	17.65	17.26	17.53	124057275	2163193088.00
2021/11/10	17.46	17.47	17.16	17.40	122085088	2109735168.00
2021/11/11	17.35	18.43	17.32	18.35	208472900	3752413952.00
2021/11/12	18.31	18.63	18.11	18.27	95754646	1753072768.00
2021/11/15	18.35	18.63	18.20	18.43	65508999	1203764096.00
2021/11/16	18.36	18.54	18.17	18.22	60111048	1099113472.00
2021/11/17	18.15	18.30	17.98	18.11	66464038	1203859200.00
2021/11/18	18.09	18.12	17.73	17.80	79984377	1430058368.00
2021/11/19	17.80	18.24	17.70	18.15	78637156	1414506368.00
2021/11/22	18.03	18.25	17.90	18.12	73861780	1337768192.00
2021/11/23	18.11	18.35	17.68	17.88	123597796	2213817600.00
2021/11/24	17.77	17.95	17.66	17.87	74131084	1316774400.00
2021/11/25	17.74	17.79	17.63	17.68	60353270	1068221312.00
2021/11/26	17.62	17.67	17.52	17.58	69449988	1219937280.00
2021/11/29	17.41	17.57	17.36	17.51	51259471	895105984.00
2021/11/30	17.54	17.68	17.35	17.44	73361606	1280384512.00
2021/12/01	17.43	17.77	17.37	17.64	70692519	1243666816.00
2021/12/02	17.62	17.81	17.37	17.59	99479835	1749164544.00
2021/12/03	17.64	17.70	17.41	17.65	70759974	1242375040.00
2021/12/06	17.85	18.56	17.80	18.10	214562528	3896385280.00
2021/12/07	18.30	18.67	18.15	18.46	161644387	2979969024.00
2021/12/08	18.45	18.55	18.16	18.47	98028118	1798691072.00
2021/12/09	18.49	19.06	18.37	18.70	145588668	2726663424.00
2021/12/10	18.51	18.70	18.27	18.38	98925513	1824076544.00
2021/12/13	18.47	18.88	18.18	18.27	131449027	2427803648.00
2021/12/14	18.16	18.17	17.52	17.58	193720890	3434156288.00
2021/12/15	17.51	17.66	17.40	17.55	129462741	2269820928.00
2021/12/16	17.55	17.73	17.46	17.72	81947951	1445483392.00
2021/12/17	17.70	17.75	17.57	17.57	60236967	1062875456.00
2021/12/20	17.56	17.65	17.45	17.52	74643520	1309029248.00
2021/12/21	17.49	17.71	17.48	17.59	89373404	1572895616.00
2021/12/22	17.62	17.64	17.30	17.39	97692775	1701772544.00
2021/12/23	17.40	17.43	17.21	17.32	105957594	1831122688.00
2021/12/24	17.33	17.35	17.21	17.31	48825149	843109696.00
2021/12/27	17.33	17.35	17.16	17.22	73111899	1260455296.00
2021/12/28	17.22	17.33	17.09	17.17	112663891	1934461056.00
2021/12/29	17.16	17.16	16.70	16.75	146937398	2480534528.00
2021/12/30	16.76	16.95	16.72	16.82	79666360	1342374272.00
2021/12/31	16.86	16.90	16.40	16.48	175076089	2899617024.00
2022/01/04	16.48	16.66	16.18	16.66	116925933	1918887040.00
2022/01/05	16.58	17.22	16.55	17.15	196199817	3344124672.00
2022/01/06	17.11	17.27	17.00	17.12	110788519	1896535808.00
2022/01/07	17.10	17.28	17.06	17.20	112663070	1937710976.00
2022/01/10	17.29	17.42	17.03	17.19	90977401	1563414528.00
2022/01/11	17.26	17.54	17.14	17.41	158199940	2752485376.00
2022/01/12	17.41	17.45	16.90	17.00	150216355	2561266432.00
2022/01/13	16.91	17.24	16.82	16.98	90942265	1550319104.00
2022/01/14	17.00	17.02	16.30	16.33	210309491	3459950848.00
2022/01/17	16.35	16.48	16.12	16.22	114368943	1855633792.00
2022/01/18	16.25	16.54	16.16	16.52	115297431	1891094656.00
2022/01/19	16.54	16.69	16.36	16.50	98839185	1630973568.00
2022/01/20	16.47	17.46	16.42	17.33	303119377	5195805696.00
2022/01/21	17.45	17.56	17.21	17.35	148168295	2575115008.00
2022/01/24	17.34	17.38	16.98	17.20	87477087	1501390336.00
2022/01/25	17.08	17.08	16.81	16.85	109328397	1851998976.00
2022/01/26	16.95	17.10	16.54	16.65	98497522	1646385024.00
2022/01/27	16.50	16.54	16.25	16.30	102464311	1677261312.00
2022/01/28	16.39	16.45	15.82	15.83	167556367	2695470336.00
2022/02/07	16.02	16.41	15.89	16.39	151547630	2451798528.00
2022/02/08	16.30	16.97	16.26	16.83	175469528	2950309120.00
2022/02/09	16.92	17.00	16.71	16.86	105116166	1774253696.00
2022/02/10	16.77	17.03	16.67	16.99	78455735	1326848896.00
2022/02/11	17.03	17.34	17.03	17.10	107813914	1852167552.00
2022/02/14	17.10	17.15	16.51	16.58	115065851	1917613440.00
2022/02/15	16.50	16.67	16.10	16.28	120826437	1968985344.00
2022/02/16	16.35	16.53	16.21	16.41	78239959	1282234112.00
2022/02/17	16.39	16.55	16.32	16.42	79450184	1306514304.00
2022/02/18	16.32	16.77	16.31	16.77	80249940	1330233344.00
2022/02/21	16.66	16.67	16.32	16.51	80099455	1316023680.00
2022/02/22	16.31	16.44	16.16	16.23	89495673	1454156288.00
2022/02/23	16.30	16.31	16.04	16.19	88674244	1431289856.00
2022/02/24	16.13	16.15	15.80	15.91	132408685	2112842496.00
2022/02/25	15.99	16.08	15.87	15.90	72639707	1157890304.00
2022/02/28	15.90	15.92	15.62	15.75	72399045	1137154048.00
2022/03/01	15.79	15.95	15.62	15.92	93504034	1474694016.00
2022/03/02	15.79	15.87	15.66	15.68	76076086	1196321920.00
2022/03/03	15.73	15.81	15.63	15.71	57828505	908171584.00
2022/03/04	15.62	15.63	15.28	15.33	99093566	1523793664.00
2022/03/07	15.17	15.17	14.66	14.72	111315899	1655959936.00
2022/03/08	14.62	14.86	14.25	14.31	100303269	1463145984.00
2022/03/09	14.40	14.45	13.22	13.84	180076017	2492043008.00
2022/03/10	14.18	14.75	14.09	14.57	224915816	3269867776.00
2022/03/11	14.40	14.98	14.15	14.90	149364697	2187480576.00
2022/03/14	14.63	14.93	14.45	14.49	111840734	1637278464.00
2022/03/15	14.40	14.40	13.60	13.68	178140887	2479769600.00
2022/03/16	13.86	14.40	13.51	14.31	153177906	2141637120.00
2022/03/17	14.66	14.71	14.24	14.45	173006142	2506504192.00
2022/03/18	14.36	14.85	14.14	14.70	152880713	2222158848.00
2022/03/21	14.50	14.82	14.39	14.59	120886805	1765673856.00
2022/03/22	14.59	15.22	14.50	15.18	162865658	2443174144.00
2022/03/23	15.11	15.19	14.90	15.00	105010238	1577561344.00
2022/03/24	14.92	15.31	14.81	15.20	100235995	1518870144.00
2022/03/25	15.15	15.25	14.82	14.98	74293335	1116354560.00
2022/03/28	14.80	15.05	14.63	14.85	72713699	1078327296.00
2022/03/29	14.88	14.95	14.60	14.68	61564315	909169600.00
2022/03/30	14.86	15.27	14.76	15.21	123679155	1859617024.00
2022/03/31	15.10	15.57	15.06	15.38	116374674	1789209984.00
2022/04/01	15.37	15.79	15.20	15.75	148487874	2319616768.00
2022/04/06	15.64	16.54	15.63	16.39	248854005	4064051456.00
2022/04/07	16.38	16.66	16.20	16.28	165906455	2724002816.00
2022/04/08	16.26	16.45	16.13	16.40	106677946	1741072128.00
2022/04/11	16.35	16.40	15.80	16.05	141673536	2277468928.00
2022/04/12	16.05	16.26	15.66	15.92	103926142	1654820096.00
2022/04/13	15.89	16.08	15.72	15.80	89062806	1415496064.00
2022/04/14	16.00	16.25	15.92	16.04	92961494	1493344000.00
2022/04/15	15.90	16.53	15.86	16.42	123176103	2014010112.00
2022/04/18	16.15	16.20	15.81	15.90	108688756	1734236544.00
2022/04/19	15.90	15.97	15.62	15.81	82177249	1294226944.00
2022/04/20	15.81	16.05	15.70	15.85	71655528	1137697792.00
2022/04/21	15.77	15.98	15.70	15.81	70989116	1124663680.00
2022/04/22	15.64	16.19	15.40	16.06	92127408	1468452992.00
2022/04/25	15.67	15.91	14.78	14.85	166448098	2527610112.00
2022/04/26	14.88	14.98	14.45	14.73	98820956	1456929664.00
2022/04/27	14.98	15.65	14.96	15.65	149029503	2296798720.00
2022/04/28	15.57	15.93	15.37	15.65	91177187	1426381952.00
2022/04/29	15.69	15.74	14.97	15.32	164501308	2503476736.00
2022/05/05	15.20	15.45	15.15	15.32	79019620	1208735104.00
2022/05/06	15.02	15.20	14.91	14.96	83243182	1250995584.00
2022/05/09	14.94	14.94	14.46	14.55	81862135	1197104256.00
2022/05/10	14.50	14.60	14.11	14.59	99228502	1425836928.00
2022/05/11	14.54	14.84	14.44	14.63	84857362	1240700416.00
2022/05/12	14.48	14.56	14.33	14.38	68506423	987061632.00
2022/05/13	14.50	14.66	14.49	14.61	67631191	985962944.00
2022/05/16	14.66	14.73	14.35	14.41	66822782	965652288.00
2022/05/17	14.51	14.72	14.32	14.71	93140639	1357428352.00
2022/05/18	14.85	14.89	14.67	14.75	77857833	1150500480.00
2022/05/19	14.55	14.70	14.50	14.62	59092172	863214144.00
2022/05/20	14.70	15.04	14.67	15.02	94859778	1415164672.00
2022/05/23	15.07	15.07	14.76	14.83	64772592	962683712.00
2022/05/24	14.87	14.87	14.40	14.40	93355706	1358693504.00
2022/05/25	14.43	14.49	14.30	14.39	60322826	866228928.00
2022/05/26	14.41	14.43	14.07	14.19	101131756	1435689344.00
2022/05/27	14.29	14.35	14.11	14.18	72306674	1029702208.00
2022/05/30	14.26	14.28	14.04	14.08	89690123	1265572992.00
2022/05/31	14.07	14.18	14.00	14.16	93886855	1325012096.00
2022/06/01	14.14	14.14	14.00	14.08	84529898	1187423744.00
2022/06/02	14.02	14.03	13.88	13.95	97926822	1363740800.00
2022/06/06	13.91	14.17	13.64	14.17	171085175	2370807552.00
2022/06/07	14.02	14.25	13.99	14.16	131511262	1860366720.00
2022/06/08	14.16	14.17	14.01	14.16	114552124	1613524992.00
2022/06/09	14.14	14.46	14.10	14.35	163290134	2339986688.00
2022/06/10	14.26	14.33	14.13	14.32	134601231	1914639744.00
2022/06/13	14.18	14.19	13.88	13.91	154775285	2163340032.00
2022/06/14	13.71	14.13	13.71	14.12	115142939	1602169856.00
2022/06/15	14.10	15.11	14.06	14.74	341354371	5010292736.00
2022/06/16	14.74	14.83	14.42	14.44	133254631	1939976192.00
2022/06/17	14.32	14.53	14.20	14.45	105378794	1513925888.00
2022/06/20	14.44	14.44	14.26	14.34	103216680	1479529728.00
2022/06/21	14.34	14.63	14.23	14.37	132179398	1905346048.00
2022/06/22	14.36	14.36	14.08	14.08	105604592	1498415744.00
2022/06/23	14.09	14.23	14.06	14.20	80602803	1140899072.00
2022/06/24	14.20	14.25	14.11	14.23	86604061	1227798656.00
2022/06/27	14.24	14.56	14.22	14.49	149727818	2166380544.00
2022/06/28	14.47	14.67	14.41	14.63	112511048	1638673280.00
2022/06/29	14.65	14.90	14.55	14.64	126654728	1865064704.00
2022/06/30	14.63	15.02	14.55	14.98	154874501	2304888576.00
2022/07/01	15.00	15.07	14.84	14.92	77924332	1164030720.00
2022/07/04	14.95	14.98	14.75	14.94	83496807	1241453440.00
2022/07/05	14.99	15.27	14.82	14.91	111517210	1674718976.00
2022/07/06	14.83	14.93	14.46	14.53	104333523	1520022528.00
2022/07/07	14.54	14.65	14.38	14.42	73016098	1057696576.00
2022/07/08	14.50	14.65	14.37	14.54	63969823	928850368.00
2022/07/11	14.50	14.57	14.36	14.46	61169194	883613760.00
2022/07/12	14.41	14.73	14.38	14.42	74288242	1078432000.00
2022/07/13	14.42	14.47	13.89	13.97	217599606	3056913152.00
2022/07/14	13.70	13.71	13.29	13.37	263212087	3534578688.00
2022/07/15	13.48	13.56	13.22	13.24	159863740	2139915264.00
2022/07/18	13.25	13.44	13.21	13.39	115350581	1536340992.00
2022/07/19	13.34	13.43	13.28	13.42	75559710	1008562432.00
2022/07/20	13.43	13.47	13.35	13.39	80145866	1073936256.00
2022/07/21	13.32	13.34	12.99	13.01	197038789	2588696064.00
2022/07/22	12.84	12.93	12.62	12.81	137650974	1755555712.00
2022/07/25	12.80	12.85	12.67	12.82	76395581	976071680.00
2022/07/26	12.75	12.91	12.71	12.91	102404881	1314310400.00
2022/07/27	12.85	12.88	12.73	12.79	92391408	1182889728.00
2022/07/28	12.81	12.91	12.78	12.88	75034652	964903680.00
2022/07/29	12.88	12.90	12.65	12.68	83149747	1059518592.00
2022/08/01	12.66	12.66	12.40	12.42	102573271	1277987072.00
2022/08/02	12.22	12.34	11.94	12.26	137300930	1664397696.00
2022/08/03	12.19	12.27	12.01	12.03	74613653	905653312.00
2022/08/04	12.10	12.17	12.02	12.16	60267562	729351680.00
2022/08/05	12.13	12.33	11.98	12.31	76529787	930836352.00
2022/08/08	12.25	12.36	12.16	12.20	55199969	674950912.00
2022/08/09	12.21	12.22	12.08	12.12	55844757	677098624.00
2022/08/10	12.12	12.24	12.02	12.06	68302321	825806016.00
2022/08/11	12.08	12.39	12.04	12.35	139930361	1710719488.00
2022/08/12	12.26	12.41	12.20	12.38	82050356	1010612416.00
2022/08/15	12.29	12.36	12.09	12.11	117201000	1425087488.00
2022/08/16	12.11	12.20	12.10	12.13	63122370	765907200.00
2022/08/17	12.15	12.42	12.07	12.40	134850658	1656961664.00
2022/08/18	12.48	12.54	12.16	12.25	126970094	1560630528.00
2022/08/19	12.27	12.75	12.23	12.57	210641724	2653470976.00
2022/08/22	12.58	12.68	12.41	12.50	113807658	1423361920.00
2022/08/23	12.45	12.49	12.28	12.34	92146307	1137300480.00
2022/08/24	12.33	12.54	12.33	12.40	129537533	1613309568.00
2022/08/25	12.40	12.66	12.30	12.62	106401061	1329230336.00
2022/08/26	12.68	12.75	12.46	12.61	92763426	1168951040.00
2022/08/29	12.50	12.56	12.31	12.42	92449065	1145189120.00
2022/08/30	12.43	12.54	12.28	12.48	79971238	991447616.00
2022/08/31	12.38	12.78	12.36	12.75	165304158	2091408256.00
2022/09/01	12.65	12.79	12.58	12.61	86198195	1092666240.00
2022/09/02	12.62	12.69	12.43	12.51	78636281	983433856.00
2022/09/05	12.46	12.60	12.37	12.57	63203998	788451072.00
2022/09/06	12.58	12.66	12.43	12.50	73129499	914692160.00
2022/09/07	12.42	12.42	12.28	12.33	97981281	1208329728.00
2022/09/08	12.32	12.44	12.30	12.36	62111692	768913472.00
2022/09/09	12.40	12.74	12.36	12.72	195129731	2469131264.00
2022/09/13	12.88	13.02	12.66	12.95	172268989	2223707392.00
2022/09/14	12.75	12.87	12.70	12.73	85803584	1095054848.00
2022/09/15	12.80	13.10	12.77	13.00	184101788	2393239552.00
2022/09/16	12.92	12.95	12.56	12.56	135744781	1719252864.00
2022/09/19	12.54	12.67	12.48	12.57	63212104	793491328.00
2022/09/20	12.61	12.63	12.32	12.34	88998853	1102212224.00
2022/09/21	12.31	12.48	12.20	12.43	68419739	845477184.00
2022/09/22	12.33	12.36	12.25	12.29	58613338	720058240.00
2022/09/23	12.24	12.43	12.23	12.29	58644106	722703104.00
2022/09/26	12.16	12.28	11.99	12.00	90372904	1094060800.00
2022/09/27	12.00	12.16	11.81	12.15	78962229	946732992.00
2022/09/28	12.09	12.25	11.92	12.11	78092558	946211776.00
2022/09/29	12.25	12.28	11.82	11.86	91771804	1100405248.00
2022/09/30	11.87	11.96	11.83	11.84	53723019	638906944.00
2022/10/10	11.70	11.77	11.46	11.47	96608018	1119089792.00
2022/10/11	11.54	11.58	11.41	11.48	41525337	476749216.00
2022/10/12	11.45	11.62	11.35	11.60	55957243	641776512.00
2022/10/13	11.51	11.54	11.31	11.34	85261597	970021760.00
2022/10/14	11.45	11.63	11.40	11.53	109606158	1265486592.00
2022/10/17	11.42	11.52	11.34	11.48	102482271	1171523584.00
2022/10/18	11.55	11.64	11.46	11.48	94683709	1091646592.00
2022/10/19	11.42	11.49	11.28	11.29	92398968	1049700736.00
2022/10/20	11.23	11.31	11.16	11.20	78192323	876967168.00
2022/10/21	11.21	11.25	11.07	11.09	78557429	876648512.00
2022/10/24	11.09	11.10	10.61	10.62	138339065	1496043904.00
2022/10/25	10.70	10.81	10.60	10.65	131697940	1406437760.00
2022/10/26	10.64	10.73	10.61	10.66	114382988	1220733312.00
2022/10/27	10.70	10.77	10.66	10.68	95738346	1024868032.00
2022/10/28	10.63	10.70	10.41	10.42	105794701	1114999296.00
2022/10/31	10.33	10.45	10.22	10.34	98309569	1016230016.00
2022/11/01	10.38	10.68	10.36	10.67	138123413	1459758336.00
2022/11/02	10.61	10.68	10.48	10.63	130298818	1377816192.00
2022/11/03	10.54	10.57	10.38	10.44	98353561	1028904256.00
2022/11/04	10.40	10.85	10.39	10.82	177611223	1903720960.00
2022/11/07	10.81	10.91	10.73	10.88	98808204	1070554816.00
2022/11/08	10.89	10.92	10.78	10.85	58322205	632835776.00
2022/11/09	10.84	11.08	10.82	10.89	83210685	911153600.00
2022/11/10	10.79	10.90	10.69	10.87	55202119	596916608.00
2022/11/11	11.13	11.66	11.01	11.43	254507055	2878557440.00
2022/11/14	11.70	12.28	11.70	11.95	387208410	4637823488.00
2022/11/15	11.86	12.18	11.83	12.01	157390134	1891249664.00
2022/11/16	11.97	12.05	11.79	11.82	127869288	1519133952.00
2022/11/17	11.81	11.84	11.58	11.69	109104716	1273790848.00
2022/11/18	11.74	11.78	11.57	11.59	86809329	1011078656.00
2022/11/21	11.48	11.50	11.22	11.46	104773707	1189388672.00
2022/11/22	11.46	11.93	11.44	11.82	149132388	1748727424.00
2022/11/23	11.78	12.05	11.72	11.82	124765653	1483352704.00
2022/11/24	11.92	11.99	11.69	11.77	79671882	941002368.00
2022/11/25	11.79	12.23	11.77	12.17	176072817	2130171648.00
2022/11/28	11.90	11.92	11.69	11.81	133156295	1568351104.00
2022/11/29	12.16	12.99	12.13	12.99	474927650	6026006528.00
2022/11/30	12.90	13.34	12.82	13.03	320962830	4206404096.00
2022/12/01	13.38	13.66	13.07	13.10	200268883	2658203136.00
2022/12/02	13.14	13.15	12.69	12.90	140420278	1803658752.00
2022/12/05	13.09	13.57	13.01	13.53	228762742	3057231872.00
2022/12/06	13.34	13.66	13.25	13.43	125257891	1680593536.00
2022/12/07	13.33	13.37	13.03	13.15	137737690	1815667712.00
2022/12/08	13.15	13.52	13.12	13.36	106572280	1422047872.00
2022/12/09	13.40	13.75	13.35	13.70	161583192	2197501696.00
2022/12/12	13.58	13.58	13.06	13.11	139258428	1848278016.00
2022/12/13	13.15	13.36	13.14	13.24	90228513	1194285312.00
2022/12/14	13.23	13.40	13.08	13.23	97406110	1287867904.00
2022/12/15	13.14	13.28	12.94	13.10	83534926	1094434048.00
2022/12/16	13.02	13.40	13.02	13.34	92425167	1225269120.00
2022/12/19	13.33	13.47	12.95	13.04	103086606	1355435520.00
2022/12/20	12.97	13.08	12.67	12.76	89621223	1150630656.00
2022/12/21	12.85	12.99	12.74	12.89	61458964	791782464.00
2022/12/22	13.00	13.15	12.90	12.95	67239430	876159808.00
2022/12/23	12.85	13.06	12.80	12.98	56442641	730705984.00
2022/12/26	12.99	13.04	12.71	12.77	79711987	1021903936.00
2022/12/27	12.87	13.22	12.87	13.11	88600412	1160090112.00
2022/12/28	13.16	13.38	13.00	13.14	79119198	1042402112.00
2022/12/29	13.07	13.13	12.85	13.03	66689009	865144960.00
2022/12/30	13.04	13.28	12.96	13.16	81803598	1074756736.00
2023/01/03	13.20	13.85	13.05	13.77	219412794	2971546880.00
2023/01/04	13.71	14.42	13.63	14.32	218968253	3110729472.00
2023/01/05	14.40	14.74	14.37	14.48	166542518	2417272320.00
2023/01/06	14.50	14.72	14.48	14.62	119574471	1747915136.00
2023/01/09	14.75	14.88	14.52	14.80	105765911	1561368448.00
2023/01/10	14.76	14.89	14.39	14.44	126942339	1851093760.00
2023/01/11	14.45	14.78	14.39	14.67	83056612	1217450752.00
2023/01/12	14.77	14.77	14.53	14.67	62569484	914367680.00
2023/01/13	14.67	14.95	14.55	14.95	94908583	1407181056.00
2023/01/16	14.95	15.28	14.85	15.08	156003989	2356399872.00
2023/01/17	15.13	15.18	14.77	14.97	93583454	1396151552.00
2023/01/18	14.95	15.18	14.91	15.11	71843403	1083362944.00
2023/01/19	15.13	15.25	14.87	15.09	64187520	963744640.00
2023/01/20	15.16	15.24	15.00	15.13	60859008	920144832.00
2023/01/30	15.60	15.74	14.89	15.15	137431750	2096867712.00
2023/01/31	15.24	15.51	14.96	14.99	103049784	1568639360.00
2023/02/01	15.03	15.08	14.51	14.70	165342148	2426471936.00
2023/02/02	14.74	14.78	14.27	14.60	157790039	2280744960.00
2023/02/03	14.45	14.55	14.16	14.32	124638298	1782105856.00
2023/02/06	14.10	14.13	13.86	14.00	131761010	1838428672.00
2023/02/07	14.06	14.32	14.03	14.21	86946046	1235297792.00
2023/02/08	14.24	14.32	14.03	14.04	65789257	928708928.00
2023/02/09	14.01	14.30	13.96	14.13	83035002	1174361984.00
2023/02/10	14.10	14.12	13.86	13.98	84728366	1184283392.00
2023/02/13	13.94	13.94	13.60	13.82	180005416	2473405184.00
2023/02/14	13.85	13.98	13.80	13.96	90993709	1263892096.00
2023/02/15	13.95	13.96	13.62	13.67	125024398	1713566720.00
2023/02/16	13.68	13.91	13.50	13.60	127912329	1757431040.00
2023/02/17	13.63	13.72	13.43	13.43	91836369	1246777344.00
2023/02/20	13.50	14.15	13.49	14.15	211619117	2945969664.00
2023/02/21	14.06	14.20	13.92	14.10	99049499	1393153408.00
2023/02/22	14.00	14.12	13.94	14.02	63892239	895742528.00
2023/02/23	14.00	14.32	13.98	14.05	82449068	1165539840.00
2023/02/24	14.02	14.03	13.80	13.86	72998904	1012652992.00
2023/02/27	13.75	13.88	13.68	13.69	62146193	854854016.00
2023/02/28	13.75	13.85	13.61	13.78	60793592	833316032.00
2023/03/01	13.80	14.19	13.74	14.17	122345178	1719710592.00
2023/03/02	14.13	14.44	14.06	14.24	101587684	1447565952.00
2023/03/03	14.35	14.37	14.14	14.29	69095439	985552128.00
2023/03/06	14.30	14.30	13.72	13.85	145582414	2023954560.00
2023/03/07	13.85	14.10	13.65	13.69	127926629	1773654784.00
2023/03/08	13.63	13.64	13.40	13.53	109689791	1479838976.00
2023/03/09	13.54	13.58	13.13	13.20	173606476	2305765888.00
2023/03/10	13.00	13.27	13.00	13.14	85699610	1128558336.00
2023/03/13	13.12	13.29	13.00	13.05	100063496	1309490048.00
2023/03/14	12.99	13.00	12.73	12.87	114907558	1474124160.00
2023/03/15	13.05	13.18	12.94	13.05	97936372	1278262272.00
2023/03/16	12.89	13.03	12.80	12.82	91679249	1182054400.00
2023/03/17	12.99	13.04	12.65	12.75	155681414	2000832384.00
2023/03/20	12.76	12.85	12.55	12.57	118881633	1505893632.00
2023/03/21	12.65	12.78	12.50	12.70	84074317	1060914048.00
2023/03/22	12.75	12.88	12.71	12.79	87669077	1121080704.00
2023/03/23	12.70	12.90	12.63	12.90	80430604	1029380480.00
2023/03/24	12.85	12.86	12.76	12.82	62151875	796319552.00
2023/03/27	12.80	12.81	12.46	12.60	100842214	1266945024.00
2023/03/28	12.66	12.73	12.55	12.64	67386843	851797888.00
2023/03/29	12.73	12.74	12.50	12.53	59606433	750687552.00
2023/03/30	12.55	12.71	12.41	12.68	82454624	1035422912.00
2023/03/31	12.69	12.77	12.51	12.53	86549166	1092263424.00
2023/04/03	12.55	12.69	12.46	12.67	74042886	934285184.00
2023/04/04	12.64	12.72	12.59	12.65	64745722	817726528.00
2023/04/06	12.60	12.61	12.50	12.58	56332130	706480640.00
2023/04/07	12.57	12.69	12.50	12.62	60792526	767354816.00
2023/04/10	12.64	12.70	12.58	12.68	64018181	809943168.00
2023/04/11	12.70	12.72	12.52	12.54	77777962	978302912.00
2023/04/12	12.58	12.59	12.45	12.48	90995706	1136997760.00
2023/04/13	12.41	12.67	12.30	12.56	113159146	1413918976.00
2023/04/14	12.60	12.90	12.58	12.69	129799484	1653539584.00
2023/04/17	12.66	12.94	12.60	12.93	130421259	1669357696.00
2023/04/18	12.93	13.20	12.89	13.00	153893615	2009934848.00
2023/04/19	13.02	13.07	12.83	12.85	101437815	1309536000.00
2023/04/20	12.90	12.90	12.62	12.75	81178841	1033330688.00
2023/04/21	12.70	12.83	12.48	12.50	91866839	1160509824.00
2023/04/24	12.48	12.50	12.03	12.10	146767192	1798134016.00
2023/04/25	12.14	12.37	12.12	12.28	130190082	1595320192.00
2023/04/26	12.25	12.25	11.99	12.12	99126040	1197555712.00
2023/04/27	12.06	12.35	12.00	12.26	100409337	1222755968.00
2023/04/28	12.26	12.78	12.22	12.55	144525434	1816868096.00
2023/05/04	12.40	12.83	12.19	12.73	147826438	1863146112.00
2023/05/05	12.78	13.11	12.75	12.91	176218865	2283981056.00
数据来源:通达信
